================ RESULT ================
rule               : prodigy  (mesh=knn)
n_starts/steps/batch: 4/1/1  resurrect=True
log_det=cholesky  fix_reg=0.1  reg=mesh-default
wall_s             : 140.1
max log likelihood : -83454.934
einstein_radius    : 1.2153   (truth 1.6, Nautilus mode 1.011)
in truth basin     : False   (slack tol — converged-sampler logL is the real bar)
bar (Nautilus)     : 5704.2
bar (truth-point)  : 28791.535963   (upper reference)
steps to bar       : not reached
steps to truth bar : not reached
total_steps        : 1
wall per step      : 140.086s
n_resurrections    : 0
stop_reason        : max_steps
=======================================

fom_history (best -2logP per step): 166911.1

================ RESULT ================
rule               : prodigy  (mesh=knn)
n_starts/steps/batch: 8/300/2  resurrect=True
log_det=cholesky  fix_reg=0.1  reg=mesh-default
wall_s             : 1036.6
max log likelihood : 2725.067
einstein_radius    : 1.0593   (truth 1.6, Nautilus mode 1.011)
in truth basin     : False   (slack tol — converged-sampler logL is the real bar)
bar (Nautilus)     : 5704.2
bar (truth-point)  : 28791.535963   (upper reference)
steps to bar       : not reached
steps to truth bar : not reached
total_steps        : 300
wall per step      : 3.455s
n_resurrections    : 5
stop_reason        : max_steps
=======================================

fom_history (best -2logP per step): 166911.1 166908.4 166905.7 166902.7 166900.0 166900.0 166895.3 166886.7 166869.4 166869.4 166869.4 166817.5 166745.5 166640.2 166492.0 166277.2 165962.6 165449.4 164645.9 163416.1 161726.9 159259.8 155343.1 150575.6 145951.0 137654.0 128511.4 124552.5 124552.5 114060.5 108243.5 108243.5 87594.9 49883.9 30210.6 27138.6 24099.8 7106.4 7106.4 7106.4 7106.4 7106.4 7106.4 7106.4 7106.4 7106.4 7106.4 7106.4 7106.4 7106.4 7106.4 7106.4 7106.4 7106.4 7106.4 7106.4 7106.4 7106.4 7106.4 7106.4 6858.1 6858.1 6235.5 6235.5 6235.5 6235.5 6197.1 5140.5 5140.5 4015.3 4015.3 4015.3 4015.3 3485.7 2322.1 2322.1 1546.5 1546.5 1420.5 1420.5 968.4 968.4 968.4 968.4 968.4 968.4 968.4 968.4 968.4 968.4 968.4 968.4 968.4 968.4 968.4 968.4 968.4 301.7 301.7 301.7 301.7 225.1 225.1 225.1 225.1 225.1 225.1 225.1 225.1 225.1 225.1 225.1 225.1 225.1 225.1 225.1 225.1 225.1 126.9 126.9 126.9 126.9 126.9 126.9 78.4 78.4 -500.6 -500.6 -500.6 -500.6 -500.6 -500.6 -500.6 -500.6 -500.6 -500.6 -500.6 -500.6 -500.6 -500.6 -500.6 -500.6 -604.1 -745.7 -745.7 -745.7 -745.7 -1559.5 -2141.7 -2141.7 -2141.7 -2141.7 -2141.7 -2141.7 -2141.7 -2141.7 -2141.7 -2141.7 -2141.7 -2141.7 -2141.7 -2141.7 -2141.7 -2482.0 -2482.0 -2482.0 -2482.0 -2482.0 -3689.5 -3689.5 -3689.5 -3689.5 -3689.5 -3689.5 -3689.5 -3689.5 -3689.5 -3689.5 -3689.5 -3689.5 -3689.5 -3689.5 -3689.5 -3689.5 -3689.5 -3689.5 -3689.5 -3689.5 -3689.5 -3976.8 -3976.8 -3976.8 -3976.8 -4302.1 -4302.1 -4635.4 -4635.4 -4635.4 -4854.1 -4854.1 -5137.6 -5137.6 -5137.6 -5137.6 -5137.6 -5137.6 -5137.6 -5137.6 -5137.6 -5137.6 -5137.6 -5137.6 -5137.6 -5137.6 -5137.6 -5137.6 -5137.6 -5137.6 -5137.6 -5137.6 -5137.6 -5137.6 -5137.6 -5137.6 -5199.3 -5199.3 -5199.3 -5199.3 -5199.3 -5199.3 -5199.3 -5199.3 -5199.3 -5199.3 -5199.3 -5199.3 -5199.3 -5199.3 -5199.3 -5319.0 -5319.0 -5319.0 -5319.0 -5319.0 -5319.0 -5319.0 -5319.0 -5319.0 -5319.0 -5332.7 -5422.4 -5422.4 -5422.4 -5422.4 -5422.4 -5422.4 -5422.4 -5422.4 -5422.4 -5422.4 -5422.4 -5422.4 -5422.4 -5422.4 -5422.4 -5422.4 -5422.4 -5422.4 -5422.4 -5446.2 -5446.2 -5446.2 -5446.2 -5446.2 -5446.2 -5446.2 -5446.2 -5446.2 -5446.2 -5446.2 -5446.2 -5446.2 -5446.2 -5446.2 -5446.2 -5446.2 -5446.2 -5446.2 -5446.2 -5446.2 -5446.2 -5446.2 -5446.2 -5446.2 -5446.2 -5446.2 -5446.2 -5446.2 -5446.2 -5446.2

================ RESULT ================
rule               : prodigy  (mesh=knn)
n_starts/steps/batch: 8/300/4  resurrect=True
log_det=cholesky  fix_reg=0.1  reg=mesh-default
wall_s             : 870.3
max log likelihood : 1548.223
einstein_radius    : 0.9958   (truth 1.6, Nautilus mode 1.011)
in truth basin     : False   (slack tol — converged-sampler logL is the real bar)
bar (Nautilus)     : 5704.2
bar (truth-point)  : 28791.5   (recovery reference)
steps to bar proxy : not reached
steps to truth proxy: not reached
total_steps        : 300
wall per step      : 2.901s
n_resurrections    : 5
stop_reason        : max_steps
=======================================

fom_history (best -2logP per step): 166911.1 166908.4 166905.7 166902.7 166900.0 166900.0 166895.3 166886.7 166869.4 166869.4 166869.4 166817.5 166745.5 166640.2 166492.0 166277.2 165962.6 165449.4 164645.9 163416.1 161726.9 159259.8 155343.1 150575.6 145951.0 137654.0 128511.4 124552.5 124552.5 114060.5 108243.5 108243.5 87594.9 49883.9 30210.6 27138.6 24099.8 7106.4 7106.4 7106.4 7106.4 7106.4 7106.4 7106.4 7106.4 7106.4 7106.4 7106.4 7106.4 7106.4 7106.4 7106.4 7106.4 7106.4 7106.4 7106.4 7106.4 7106.4 7106.4 7106.4 6858.1 6858.1 6235.5 6235.5 6235.5 6235.5 6197.1 5140.5 5140.5 4015.3 4015.3 4015.3 4015.3 3485.7 2322.1 2322.1 1546.5 1546.5 1420.5 1420.5 968.4 968.4 968.4 968.4 968.4 968.4 968.4 968.4 968.4 968.4 968.4 968.4 968.4 968.4 968.4 968.4 968.4 301.7 301.7 301.7 301.7 225.1 225.1 225.1 225.1 225.1 225.1 225.1 225.1 225.1 225.1 225.1 225.1 225.1 225.1 225.1 225.1 225.1 126.9 126.9 126.9 126.9 -1878.8 -1878.8 -1878.8 -1878.8 -1878.8 -1878.8 -1878.8 -1878.8 -1878.8 -1878.8 -2357.5 -2357.5 -2357.5 -2357.5 -2357.5 -2357.5 -2357.5 -2357.5 -2357.5 -2357.5 -2357.5 -2357.5 -2498.8 -2896.8 -2896.8 -2896.8 -2896.8 -2896.8 -2896.8 -2896.8 -2896.8 -2896.8 -3005.2 -3029.6 -3029.6 -3029.6 -3029.6 -3029.6 -3029.6 -3029.6 -3029.6 -3029.6 -3029.6 -3029.6 -3029.6 -3058.3 -3058.3 -3058.3 -3058.3 -3058.3 -3058.3 -3058.3 -3058.3 -3058.3 -3058.3 -3058.3 -3058.3 -3058.3 -3058.3 -3058.3 -3058.3 -3058.3 -3058.3 -3058.3 -3061.3 -3061.3 -3061.3 -3061.3 -3061.3 -3061.3 -3061.3 -3070.2 -3070.2 -3070.2 -3070.2 -3070.2 -3082.0 -3082.0 -3082.0 -3082.0 -3082.0 -3092.9 -3092.9 -3092.9 -3092.9 -3092.9 -3092.9 -3092.9 -3092.9 -3092.9 -3092.9 -3092.9 -3092.9 -3092.9 -3092.9 -3092.9 -3092.9 -3092.9 -3092.9 -3092.9 -3092.9 -3092.9 -3092.9 -3092.9 -3092.9 -3092.9 -3092.9 -3092.9 -3092.9 -3092.9 -3092.9 -3092.9 -3092.9 -3092.9 -3092.9 -3092.9 -3092.9 -3092.9 -3092.9 -3092.9 -3092.9 -3092.9 -3092.9 -3092.9 -3092.9 -3092.9 -3092.9 -3092.9 -3092.9 -3092.9 -3092.9 -3092.9 -3092.9 -3092.9 -3092.9 -3092.9 -3092.9 -3092.9 -3092.9 -3092.9 -3092.9 -3092.9 -3092.9 -3092.9 -3092.9 -3092.9 -3092.9 -3092.9 -3092.9 -3092.9 -3092.9 -3092.9 -3092.9 -3092.9 -3092.9 -3092.9 -3092.9 -3092.9 -3092.9 -3092.9 -3092.9 -3092.9 -3092.9 -3092.9 -3092.9 -3092.9 -3092.9 -3092.9 -3092.9 -3092.9 -3092.9 -3092.9 -3092.9 -3092.9 -3092.9 -3092.9 -3092.9 -3092.9

================ RESULT ================
rule               : prodigy  (mesh=knn)
n_starts/steps/batch: 16/300/4  resurrect=True
log_det=cholesky  fix_reg=0.1  reg=mesh-default
wall_s             : 1599.9
max log likelihood : 28693.835
einstein_radius    : 1.6007   (truth 1.6, Nautilus mode 1.011)
in truth basin     : True   (slack tol — converged-sampler logL is the real bar)
bar (Nautilus)     : 5704.2
bar (truth-point)  : 28791.5   (recovery reference)
steps to bar proxy : 43
steps to truth proxy: not reached
total_steps        : 300
wall per step      : 5.333s
n_resurrections    : 7
stop_reason        : max_steps
=======================================

fom_history (best -2logP per step): 166911.1 166908.4 166905.7 166902.7 166900.0 166900.0 166895.3 166886.7 166869.4 166869.4 166869.4 166817.5 166745.5 166640.2 166492.0 166277.2 165962.6 165449.4 164645.9 163416.1 161726.9 159259.8 155343.1 150575.6 145951.0 137654.0 128511.4 124552.5 124552.5 114060.5 -9826.2 -9826.2 -9826.2 -9826.2 -9826.2 -9826.2 -9826.2 -9826.2 -9826.2 -9826.2 -9826.2 -9826.2 -12707.9 -12707.9 -12707.9 -12707.9 -12707.9 -12707.9 -12707.9 -19227.0 -19227.0 -19227.0 -26790.6 -26790.6 -26790.6 -26790.6 -26790.6 -26790.6 -26790.6 -26790.6 -26790.6 -38131.2 -38131.2 -38131.2 -38131.2 -38131.2 -38131.2 -44147.3 -44147.3 -44147.3 -45912.6 -45912.6 -45912.6 -45912.6 -45912.6 -46394.8 -46394.8 -46394.8 -46394.8 -46394.8 -46394.8 -46394.8 -46896.4 -46896.4 -46896.4 -46896.4 -47893.4 -47893.4 -47893.4 -47893.4 -47893.4 -47893.4 -47893.4 -47893.4 -47893.4 -47893.4 -47893.4 -47893.4 -47893.4 -47893.4 -47893.4 -47893.4 -47893.4 -47991.7 -47991.7 -47991.7 -47991.7 -47991.7 -48015.1 -48165.4 -48165.4 -48165.4 -48165.4 -48211.0 -48211.0 -48211.0 -48211.0 -48211.0 -48211.0 -48211.0 -48211.0 -48211.0 -48211.0 -48211.0 -48211.0 -48307.1 -48307.1 -48307.1 -48307.1 -48307.1 -48307.1 -48327.2 -48327.2 -48327.2 -48327.2 -48327.2 -48327.2 -48327.2 -48327.2 -48327.2 -48327.2 -48327.2 -48327.2 -48327.2 -48327.2 -48327.2 -48327.2 -48327.2 -48327.2 -48327.2 -48327.2 -48327.2 -48327.2 -48327.2 -48327.2 -48327.2 -48327.2 -48327.2 -48327.2 -48327.2 -48327.2 -48327.2 -48327.2 -48327.2 -48327.2 -48327.2 -48327.2 -48327.2 -48327.2 -48327.2 -48327.2 -48327.2 -48327.2 -48327.2 -48327.2 -48327.2 -48327.2 -48327.2 -48327.2 -48327.2 -48327.2 -48327.2 -48327.2 -48327.2 -48327.2 -48327.2 -48327.2 -48327.2 -48327.2 -48327.2 -48327.2 -48327.2 -48327.2 -48327.2 -48327.2 -48327.2 -48327.2 -48327.2 -48327.2 -48327.2 -48327.2 -48327.2 -48327.2 -48327.2 -48327.2 -48327.2 -48327.2 -48327.2 -48327.2 -48327.2 -48327.2 -48327.2 -48327.2 -48327.2 -48327.2 -48327.2 -48327.2 -48327.2 -48327.2 -48327.2 -48327.2 -48327.2 -48327.2 -48327.2 -48327.2 -48327.2 -48327.2 -48327.2 -48327.2 -48327.2 -48327.2 -48327.2 -48327.2 -48327.2 -48327.2 -48327.2 -48327.2 -48327.2 -48327.2 -48327.2 -48327.2 -48327.2 -48327.2 -48327.2 -48327.2 -48327.2 -48327.2 -48327.2 -48327.2 -48327.2 -48327.2 -48327.2 -48327.2 -48327.2 -48327.2 -48327.2 -48327.2 -48327.2 -48327.2 -48327.2 -48327.2 -48327.2 -48327.2 -48327.2 -48327.2 -48327.2 -48327.2 -48327.2 -48327.2 -48327.2 -48327.2 -53663.1 -53663.1 -53663.1 -53663.1 -53663.1 -53663.1 -53663.1 -53663.1 -53663.1 -53663.1 -53663.1 -53663.1 -53663.1 -53663.1 -53663.1 -53663.1 -53663.1 -53663.1 -56212.7 -56212.7 -56212.7 -56212.7 -56212.7 -56212.7 -56212.7 -56212.7 -56212.7 -56212.7 -57387.6

