================ RESULT ================
rule               : prodigy  (mesh=delaunay_nn)
n_starts/steps/batch: 4/1/1  resurrect=True
log_det=cholesky  fix_reg=0.316227766  reg=mesh-default
wall_s             : 152.8
max log likelihood : -62200.972
einstein_radius    : 1.2153   (truth 1.6)
in truth basin     : False   (slack tol — converged-sampler logL is the real bar)
bar (Nautilus)     : none yet (baseline pending)
bar (truth-point)  : 30304.03   (upper reference)
steps to bar       : not reached
steps to truth bar : not reached
total_steps        : 1
wall per step      : 152.809s
n_resurrections    : 0
stop_reason        : max_steps
=======================================

fom_history (best -2logP per step): 124403.2

================ RESULT ================
rule               : prodigy  (mesh=delaunay_nn)
n_starts/steps/batch: 4/200/1  resurrect=True
log_det=cholesky  fix_reg=0.316227766  reg=mesh-default
wall_s             : 1169.1
max log likelihood : -25625.106
einstein_radius    : 1.4010   (truth 1.6)
in truth basin     : True   (slack tol — converged-sampler logL is the real bar)
bar (Nautilus)     : none yet (baseline pending)
bar (truth-point)  : 30304.030161   (upper reference)
steps to bar       : not reached
steps to truth bar : not reached
total_steps        : 200
wall per step      : 5.845s
n_resurrections    : 5
stop_reason        : max_steps
=======================================

fom_history (best -2logP per step): 124403.2 124398.7 124394.2 124389.7 124385.2 124379.6 124369.8 124355.9 124335.5 124304.2 124258.6 124187.4 124088.5 123943.3 123732.3 123441.9 123014.4 122420.7 121640.5 120551.8 119202.2 117410.8 115382.3 113453.8 109757.9 106277.8 105225.5 103970.0 103970.0 103970.0 103970.0 103970.0 103970.0 103473.7 101987.8 100609.3 99377.4 97841.8 97841.8 97787.3 97752.3 97508.0 97180.9 96788.9 96788.9 96788.9 96788.9 96788.9 96788.9 96788.9 90363.4 90363.4 90363.4 90363.4 90363.4 90363.4 90363.4 90363.4 88479.2 88146.8 88146.8 79153.9 73945.5 73945.5 71707.7 71707.7 71707.7 71707.7 71707.7 71707.7 66331.6 66331.6 66331.6 66331.6 66331.6 66331.6 66331.6 66331.6 66331.6 66331.6 66331.6 66331.6 66331.6 66331.6 66331.6 64766.3 64766.3 64766.3 62116.7 62116.7 62116.7 62116.7 60695.1 60269.8 60269.8 60269.8 59304.3 58509.7 55626.3 53829.9 53328.8 52087.9 52087.9 52087.9 52087.9 52087.9 52087.9 52087.9 52087.9 52087.9 52087.9 52087.9 52087.9 52087.9 52087.9 52087.9 52087.9 52087.9 52087.9 52087.9 52087.9 51638.1 51638.1 51638.1 51638.1 51638.1 51345.3 51345.3 51345.3 51345.3 51345.3 51345.3 51345.3 51345.3 51345.3 51255.3 51255.3 51255.3 51255.3 51255.3 51255.3 51255.3 51255.3 51255.3 51255.3 51255.3 51255.3 51255.3 51255.3 51255.3 51255.3 51255.3 51255.3 51255.3 51255.3 51255.3 51255.3 51255.3 51255.3 51255.3 51255.3 51255.3 51255.3 51255.3 51255.3 51255.3 51255.3 51255.3 51255.3 51255.3 51255.3 51255.3 51255.3 51255.3 51255.3 51255.3 51255.3 51255.3 51255.3 51255.3 51255.3 51255.3 51255.3 51255.3 51255.3 51255.3 51255.3 51255.3 51255.3 51255.3 51255.3 51255.3 51255.3 51255.3 51255.3 51255.3 51255.3 51255.3 51255.3 51255.3

================ RESULT ================
rule               : prodigy  (mesh=delaunay_nn)
n_starts/steps/batch: 8/1/2  resurrect=True
log_det=cholesky  fix_reg=0.316227766  reg=mesh-default
wall_s             : 158.9
max log likelihood : -62200.972
einstein_radius    : 1.2153   (truth 1.6)
in truth basin     : False   (slack tol — converged-sampler logL is the real bar)
bar (Nautilus)     : none yet (baseline pending)
bar (truth-point)  : 30304.030161   (upper reference)
steps to bar       : not reached
steps to truth bar : not reached
total_steps        : 1
wall per step      : 158.866s
n_resurrections    : 0
stop_reason        : max_steps
=======================================

fom_history (best -2logP per step): 124403.2

================ RESULT ================
rule               : prodigy  (mesh=delaunay_nn)
n_starts/steps/batch: 8/300/2  resurrect=True
log_det=cholesky  fix_reg=0.316227766  reg=mesh-default
wall_s             : 3957.6
max log likelihood : 30374.293
einstein_radius    : 1.5987   (truth 1.6)
in truth basin     : True   (slack tol — converged-sampler logL is the real bar)
bar (Nautilus)     : none yet (baseline pending)
bar (truth-point)  : 30304.030161   (upper reference)
steps to bar       : not reached
steps to truth bar : 269
total_steps        : 300
wall per step      : 13.192s
n_resurrections    : 7
stop_reason        : max_steps
=======================================

fom_history (best -2logP per step): 124403.2 124398.7 124394.2 124389.7 124385.2 124379.6 124369.8 124355.9 124335.5 124304.2 124258.6 124187.4 124088.5 123943.3 123732.3 123441.9 123014.4 122420.7 121640.5 120551.8 119202.2 117410.8 115382.3 113453.8 109758.0 106277.8 105225.4 103970.0 103970.0 103970.0 103970.0 103970.0 97102.8 85221.1 85221.1 85124.4 71278.0 48643.7 15524.6 6735.6 6735.6 6735.6 6735.6 6735.6 6735.6 6735.6 6735.6 6735.6 6735.6 6735.6 6735.6 6735.6 6735.6 6735.6 6735.6 6735.6 6735.6 6735.6 6735.6 6735.6 6735.6 6735.6 6735.6 6735.6 6735.6 6735.6 6735.6 6735.6 6735.6 6735.6 6735.6 6735.6 6735.6 6735.6 6735.6 407.7 -3404.5 -7058.7 -7058.7 -7058.7 -7058.7 -7058.7 -7058.7 -7058.7 -7058.7 -7058.7 -7058.7 -7058.7 -7058.7 -7058.7 -7058.7 -7058.7 -7058.7 -7058.7 -7058.7 -7058.7 -7058.7 -7058.7 -7058.7 -7058.7 -7058.7 -7058.7 -7058.7 -7058.7 -7058.7 -7058.7 -7058.7 -7058.7 -7058.7 -14855.3 -14855.3 -14855.3 -14855.3 -14855.3 -14855.3 -14855.3 -14855.3 -14855.3 -14855.3 -14855.3 -14855.3 -14855.3 -14855.3 -14855.3 -14855.3 -14855.3 -14855.3 -14855.3 -14855.3 -14855.3 -14855.3 -14855.3 -14855.3 -14855.3 -14855.3 -14855.3 -14855.3 -14855.3 -14855.3 -14855.3 -14855.3 -14855.3 -14855.3 -14855.3 -14855.3 -14855.3 -14855.3 -14855.3 -14855.3 -14855.3 -14855.3 -14855.3 -14855.3 -14855.3 -14855.3 -14855.3 -14855.3 -14855.3 -14855.3 -14855.3 -14855.3 -14855.3 -14855.3 -14855.3 -14855.3 -14855.3 -14855.3 -14855.3 -14855.3 -14855.3 -14855.3 -14855.3 -14855.3 -14855.3 -14855.3 -14855.3 -14855.3 -14855.3 -14855.3 -14855.3 -14855.3 -14855.3 -14855.3 -14855.3 -14855.3 -14855.3 -14855.3 -14855.3 -14855.3 -14855.3 -14855.3 -14855.3 -14855.3 -14855.3 -14855.3 -14855.3 -14855.3 -14855.3 -14855.3 -14855.3 -14855.3 -14855.3 -14855.3 -14855.3 -14855.3 -14855.3 -28000.1 -52453.8 -52453.8 -52453.8 -52453.8 -52453.8 -52453.8 -52453.8 -52453.8 -52453.8 -52453.8 -52453.8 -56746.2 -56746.2 -56746.2 -56746.2 -56746.2 -56746.2 -56746.2 -57135.8 -57135.8 -57135.8 -57135.8 -57135.8 -57147.8 -57147.8 -57147.8 -57147.8 -57147.8 -58354.0 -60015.7 -60015.7 -60015.7 -60015.7 -60015.7 -60015.7 -60015.7 -60015.7 -60015.7 -60015.7 -60015.7 -60015.7 -60015.7 -60015.7 -60015.7 -60015.7 -60188.4 -60188.4 -60188.4 -60188.4 -60188.4 -60188.4 -60188.4 -60529.9 -60529.9 -60529.9 -60529.9 -60529.9 -60529.9 -60529.9 -60529.9 -60567.8 -60648.4 -60648.4 -60648.4 -60648.4 -60648.4 -60648.4 -60688.5 -60706.8 -60706.8 -60706.8 -60706.8 -60706.8 -60706.8 -60706.8 -60706.8 -60706.8 -60706.8 -60706.8 -60706.8 -60706.8 -60706.8 -60748.6 -60748.6 -60748.6 -60748.6 -60748.6 -60748.6 -60748.6 -60748.6 -60748.6 -60748.6 -60748.6

================ RESULT ================
rule               : prodigy  (mesh=delaunay_nn)
n_starts/steps/batch: 8/20/4  resurrect=True
log_det=cholesky  fix_reg=0.316227766  reg=mesh-default
wall_s             : 238.3
max log likelihood : -60275.248
einstein_radius    : 1.2142   (truth 1.6)
in truth basin     : False   (slack tol — converged-sampler logL is the real bar)
bar (Nautilus)     : none yet (baseline pending)
bar (truth-point)  : 30304.030161   (upper reference)
steps to bar       : not reached
steps to truth bar : not reached
total_steps        : 20
wall per step      : 11.914s
n_resurrections    : 0
stop_reason        : max_steps
=======================================

fom_history (best -2logP per step): 124403.2 124398.7 124394.2 124389.7 124385.2 124379.6 124369.8 124355.9 124335.5 124304.2 124258.6 124187.4 124088.5 123943.3 123732.3 123441.9 123014.4 122420.7 121640.5 120551.8

================ RESULT ================
rule               : prodigy  (mesh=delaunay_nn)
n_starts/steps/batch: 8/300/4  resurrect=True
log_det=cholesky  fix_reg=0.316227766  reg=mesh-default
wall_s             : 1524.2
max log likelihood : 30374.791
einstein_radius    : 1.5998   (truth 1.6)
in truth basin     : True   (slack tol — converged-sampler logL is the real bar)
bar (Nautilus)     : none yet (baseline pending)
bar (truth-point)  : 30304.030161   (upper reference)
steps to bar       : not reached
steps to truth bar : 175
total_steps        : 300
wall per step      : 5.081s
n_resurrections    : 10
stop_reason        : max_steps
=======================================

fom_history (best -2logP per step): 124403.2 124398.7 124394.2 124389.7 124385.2 124379.6 124369.8 124355.9 124335.5 124304.2 124258.6 124187.4 124088.5 123943.3 123732.3 123441.9 123014.4 122420.7 121640.5 120551.8 119202.2 117410.8 115382.3 113453.8 109757.9 106277.7 105225.5 103970.0 103970.0 103970.0 103970.0 103970.0 94751.8 79693.2 79693.2 79693.2 79693.2 77006.2 76437.0 75116.5 55520.2 37525.2 11837.1 5381.7 5381.7 5381.7 5381.7 5381.7 5381.7 5381.7 5381.7 5381.7 5381.7 5381.7 5381.7 5381.7 5381.7 5381.7 5381.7 5381.7 5381.7 5381.7 5381.7 5381.7 5381.7 5381.7 5381.7 5381.7 5381.7 5381.7 5381.7 5381.7 -7601.0 -7601.0 -7601.0 -7601.0 -7601.0 -7601.0 -7601.0 -7601.0 -7601.0 -18476.6 -18476.6 -18476.6 -18476.6 -18476.6 -18476.6 -18476.6 -18476.6 -18476.6 -18476.6 -18476.6 -18476.6 -18476.6 -18476.6 -18476.6 -18476.6 -25352.3 -25352.3 -25352.3 -25352.3 -25352.3 -25352.3 -25352.3 -25352.3 -32120.9 -32120.9 -32120.9 -32120.9 -32120.9 -32120.9 -32120.9 -32120.9 -32524.5 -32524.5 -32524.5 -40347.7 -40347.7 -40347.7 -40347.7 -40347.7 -48397.9 -48397.9 -48397.9 -48397.9 -48397.9 -48397.9 -50602.0 -50602.0 -50602.0 -53000.3 -53000.3 -53000.3 -53000.3 -53000.3 -53000.3 -53000.3 -56153.6 -56153.6 -56153.6 -56694.8 -56694.8 -56694.8 -56694.8 -56694.8 -57082.9 -57562.5 -57562.5 -57562.5 -57562.5 -58609.5 -60394.6 -60394.6 -60394.6 -60394.6 -60394.6 -60394.6 -60394.6 -60394.6 -60394.6 -60394.6 -60394.6 -60394.6 -60394.6 -60394.6 -60394.6 -60394.6 -60394.6 -60394.6 -60468.5 -60468.5 -60468.5 -60468.5 -60468.5 -60707.6 -60707.6 -60707.6 -60707.6 -60707.6 -60707.6 -60707.6 -60707.6 -60707.6 -60707.6 -60707.6 -60707.6 -60708.1 -60739.9 -60739.9 -60739.9 -60739.9 -60739.9 -60749.6 -60749.6 -60749.6 -60749.6 -60749.6 -60749.6 -60749.6 -60749.6 -60749.6 -60749.6 -60749.6 -60749.6 -60749.6 -60749.6 -60749.6 -60749.6 -60749.6 -60749.6 -60749.6 -60749.6 -60749.6 -60749.6 -60749.6 -60749.6 -60749.6 -60749.6 -60749.6 -60749.6 -60749.6 -60749.6 -60749.6 -60749.6 -60749.6 -60749.6 -60749.6 -60749.6 -60749.6 -60749.6 -60749.6 -60749.6 -60749.6 -60749.6 -60749.6 -60749.6 -60749.6 -60749.6 -60749.6 -60749.6 -60749.6 -60749.6 -60749.6 -60749.6 -60749.6 -60749.6 -60749.6 -60749.6 -60749.6 -60749.6 -60749.6 -60749.6 -60749.6 -60749.6 -60749.6 -60749.6 -60749.6 -60749.6 -60749.6 -60749.6 -60749.6 -60749.6 -60749.6 -60749.6 -60749.6 -60749.6 -60749.6 -60749.6 -60749.6 -60749.6 -60749.6 -60749.6 -60749.6 -60749.6 -60749.6 -60749.6 -60749.6 -60749.6 -60749.6 -60749.6 -60749.6 -60749.6 -60749.6 -60749.6 -60749.6 -60749.6 -60749.6 -60749.6 -60749.6 -60749.6 -60749.6 -60749.6 -60749.6 -60749.6 -60749.6 -60749.6 -60749.6 -60749.6 -60749.6 -60749.6

================ RESULT ================
rule               : prodigy  (mesh=delaunay_nn)
n_starts/steps/batch: 4/300/4  resurrect=True
log_det=cholesky  fix_reg=0.316227766  reg=mesh-default
wall_s             : 814.8
max log likelihood : 30147.869
einstein_radius    : 1.5972   (truth 1.6)
in truth basin     : True   (slack tol — converged-sampler logL is the real bar)
bar (Nautilus)     : none yet (baseline pending)
bar (truth-point)  : 30304.030161   (recovery reference)
steps to bar proxy : not reached
steps to truth proxy: not reached
total_steps        : 300
wall per step      : 2.716s
n_resurrections    : 7
stop_reason        : max_steps
=======================================

fom_history (best -2logP per step): 124403.2 124398.7 124394.2 124389.7 124385.2 124379.6 124369.8 124355.9 124335.5 124304.2 124258.6 124187.4 124088.5 123943.3 123732.3 123441.9 123014.4 122420.7 121640.5 120551.8 119202.2 117410.8 115382.3 113453.8 109757.9 106277.7 105225.5 103970.0 103970.0 103970.0 103970.0 103970.0 103970.0 103473.6 101987.8 100609.2 99377.3 97842.1 97842.1 97787.4 97752.9 97507.1 97179.1 96780.6 96780.6 96780.6 96780.6 96780.6 96780.6 96780.6 90443.7 90443.7 90443.7 90443.7 90443.7 90443.7 90443.7 90443.7 90443.7 90443.7 90443.7 90443.7 90107.3 90105.0 89959.1 89905.7 89730.8 89226.5 88561.4 87758.8 86687.0 85730.5 85730.5 84908.4 84908.4 84908.4 84908.4 84908.4 84538.0 84083.8 83517.2 83517.2 83384.3 83384.3 82154.4 82154.4 82154.4 80791.9 79120.3 76242.9 69037.2 69037.2 69037.2 69037.2 69037.2 69037.2 69037.2 69037.2 69037.2 69037.2 69037.2 69037.2 69037.2 69037.2 69037.2 69037.2 69037.2 69037.2 69037.2 69037.2 69037.2 69037.2 69037.2 69037.2 69037.2 69037.2 69037.2 69037.2 69037.2 69037.2 69037.2 69037.2 69037.2 69037.2 69037.2 69037.2 69037.2 69037.2 69037.2 69037.2 69037.2 69037.2 69037.2 69037.2 69037.2 69037.2 69037.2 69037.2 69037.2 69037.2 69037.2 69037.2 69037.2 69037.2 69037.2 69037.2 69037.2 69037.2 69037.2 69037.2 69037.2 69037.2 69037.2 69037.2 69037.2 69037.2 69037.2 69037.2 69037.2 69037.2 69037.2 69037.2 69037.2 69037.2 69037.2 69037.2 69037.2 69037.2 69037.2 69037.2 69037.2 69037.2 69037.2 69037.2 69037.2 69037.2 69037.2 69037.2 69037.2 69037.2 69037.2 69037.2 69037.2 69037.2 69037.2 69037.2 69037.2 69037.2 69037.2 69037.2 69037.2 69037.2 69037.2 69037.2 69037.2 69037.2 69037.2 69037.2 69037.2 69037.2 69037.2 69037.2 69037.2 69037.2 69037.2 69037.2 69037.2 69037.2 69037.2 69037.2 69037.2 69037.2 69037.2 69037.2 69037.2 69037.2 69037.2 69037.2 69037.2 69037.2 69037.2 69037.2 69037.2 69037.2 69037.2 69037.2 69037.2 69037.2 69037.2 69037.2 69037.2 69037.2 69037.2 69037.2 69037.2 69037.2 69037.2 66784.7 57914.8 49674.5 49674.5 43046.7 33292.1 23969.0 12821.7 959.6 -13344.6 -23046.1 -28622.4 -29132.3 -29132.3 -29132.3 -31134.6 -44015.9 -49411.9 -50501.5 -50501.5 -51151.8 -52110.0 -52231.9 -52231.9 -52231.9 -52231.9 -52231.9 -52231.9 -52231.9 -53112.7 -53619.3 -54032.5 -54441.8 -54731.3 -55259.7 -56047.0 -56970.5 -57960.3 -58909.7 -59356.3 -59704.5 -59704.5 -59704.5 -59704.5 -59704.5 -59704.5 -59704.5 -59704.5 -59704.5 -59704.5 -59922.8 -60145.3 -60254.3 -60254.3 -60254.3 -60254.3 -60254.3 -60254.3 -60254.3 -60254.3 -60277.9 -60291.4 -60295.7

================ RESULT ================
rule               : prodigy  (mesh=delaunay_nn)
n_starts/steps/batch: 16/300/4  resurrect=True
log_det=cholesky  fix_reg=0.316227766  reg=mesh-default
wall_s             : 2827.4
max log likelihood : 30388.220
einstein_radius    : 1.5992   (truth 1.6)
in truth basin     : True   (slack tol — converged-sampler logL is the real bar)
bar (Nautilus)     : none yet (baseline pending)
bar (truth-point)  : 30304.030161   (recovery reference)
steps to bar proxy : not reached
steps to truth proxy: 162
total_steps        : 300
wall per step      : 9.425s
n_resurrections    : 31
stop_reason        : max_steps
=======================================

fom_history (best -2logP per step): 124403.2 124398.7 124394.2 124389.7 124385.2 124379.6 124369.8 124355.9 124335.5 124304.2 124258.6 124187.4 124088.5 123943.3 123732.3 123441.9 123014.4 122420.7 121640.5 120551.8 119202.2 117410.8 115382.3 113453.8 109757.9 106277.7 105225.5 103970.0 103970.0 103970.0 103970.0 103970.0 92542.3 78074.3 78074.3 78074.3 77220.5 77220.5 77220.5 77220.5 77220.5 77220.5 77220.5 76431.7 56818.9 17547.9 8366.8 8366.8 8366.8 8366.8 8366.8 8366.8 8366.8 8366.8 8366.8 8366.8 8366.8 8366.8 8366.8 8366.8 8366.8 8366.8 4422.8 4422.8 2749.6 -2654.6 -3378.8 -10492.4 -19109.8 -19109.8 -19109.8 -19109.8 -19109.8 -19109.8 -19109.8 -19109.8 -19109.8 -19109.8 -19109.8 -19109.8 -19109.8 -19109.8 -19109.8 -19109.8 -24543.9 -24543.9 -24543.9 -24543.9 -24543.9 -24543.9 -24543.9 -24543.9 -24543.9 -24543.9 -24543.9 -24543.9 -24543.9 -36020.1 -36020.1 -36020.1 -36020.1 -44728.5 -44728.5 -44728.5 -44728.5 -44728.5 -44728.5 -44728.5 -44728.5 -44728.5 -44728.5 -44728.5 -44728.5 -44728.5 -44728.5 -48222.6 -48222.6 -48222.6 -48222.6 -48222.6 -48346.5 -48346.5 -48346.5 -48346.5 -48700.0 -49049.2 -49049.2 -49049.2 -49049.2 -49049.2 -50678.6 -54961.0 -54961.0 -54961.0 -54961.0 -54961.0 -54961.0 -54961.0 -54961.0 -54961.0 -54961.0 -54961.0 -54961.0 -56100.7 -57818.6 -57957.0 -57957.0 -57957.0 -57957.0 -58444.1 -58931.9 -58931.9 -58931.9 -58931.9 -58931.9 -58931.9 -59109.7 -59109.7 -59109.7 -59416.0 -60108.0 -60628.6 -60628.6 -60628.6 -60628.6 -60628.6 -60628.6 -60628.6 -60628.6 -60628.6 -60628.6 -60628.6 -60708.4 -60714.5 -60714.5 -60714.5 -60714.5 -60714.5 -60714.5 -60714.5 -60714.5 -60714.5 -60714.5 -60724.4 -60724.4 -60724.4 -60724.4 -60724.4 -60724.4 -60724.4 -60724.4 -60724.4 -60724.4 -60724.4 -60724.4 -60724.4 -60724.4 -60726.6 -60747.5 -60758.6 -60772.7 -60772.7 -60772.7 -60772.7 -60772.7 -60772.7 -60772.7 -60772.7 -60772.7 -60773.1 -60773.1 -60773.1 -60773.1 -60773.1 -60773.1 -60773.1 -60773.1 -60773.1 -60773.1 -60773.1 -60773.1 -60773.1 -60774.7 -60776.2 -60776.2 -60776.2 -60776.2 -60776.2 -60776.4 -60776.4 -60776.4 -60776.4 -60776.4 -60776.4 -60776.4 -60776.4 -60776.4 -60776.4 -60776.4 -60776.4 -60776.4 -60776.4 -60776.4 -60776.4 -60776.4 -60776.4 -60776.4 -60776.4 -60776.4 -60776.4 -60776.4 -60776.4 -60776.4 -60776.4 -60776.4 -60776.4 -60776.4 -60776.4 -60776.4 -60776.4 -60776.4 -60776.4 -60776.4 -60776.4 -60776.4 -60776.4 -60776.4 -60776.4 -60776.4 -60776.4 -60776.4 -60776.4 -60776.4 -60776.4 -60776.4 -60776.4 -60776.4 -60776.4 -60776.4 -60776.4 -60776.4 -60776.4 -60776.4 -60776.4 -60776.4 -60776.4 -60776.4 -60776.4 -60776.4 -60776.4 -60776.4 -60776.4 -60776.4 -60776.4 -60776.4 -60776.4 -60776.4 -60776.4 -60776.4 -60776.4

