================ RESULT ================
rule               : prodigy  (mesh=delaunay)
n_starts/steps/batch: 4/1/1  resurrect=True
log_det=cholesky  fix_reg=0.316227766  reg=mesh-default
wall_s             : 134.1
max log likelihood : -59873.326
einstein_radius    : 1.2153   (truth 1.6, Nautilus mode 0.962)
in truth basin     : False   (slack tol — converged-sampler logL is the real bar)
bar (Nautilus)     : 19982.3
bar (truth-point)  : 30078.691036   (upper reference)
steps to bar       : not reached
steps to truth bar : not reached
total_steps        : 1
wall per step      : 134.085s
n_resurrections    : 0
stop_reason        : max_steps
=======================================

fom_history (best -2logP per step): 119747.9

================ RESULT ================
rule               : prodigy  (mesh=delaunay)
n_starts/steps/batch: 8/300/2  resurrect=True
log_det=cholesky  fix_reg=0.316227766  reg=mesh-default
wall_s             : 1141.1
max log likelihood : -3664.124
einstein_radius    : 1.0163   (truth 1.6, Nautilus mode 0.962)
in truth basin     : False   (slack tol — converged-sampler logL is the real bar)
bar (Nautilus)     : 19982.3
bar (truth-point)  : 30078.691036   (upper reference)
steps to bar       : not reached
steps to truth bar : not reached
total_steps        : 300
wall per step      : 3.804s
n_resurrections    : 4
stop_reason        : max_steps
=======================================

fom_history (best -2logP per step): 119747.9 119744.5 119741.1 119737.7 119734.3 119729.9 119723.5 119714.5 119697.9 119675.2 119640.2 119613.8 119535.7 119428.2 119281.9 119070.9 118759.0 118356.1 118356.1 117820.2 116551.2 115358.0 113250.3 113250.3 108045.2 106447.8 105243.3 105243.3 105243.3 105243.3 105243.3 105243.3 105243.3 105243.3 105243.3 101059.5 101059.5 101059.5 95599.7 90558.5 87478.3 47064.3 43621.6 19545.1 19545.1 19545.1 19545.1 19545.1 19545.1 19545.1 19545.1 19545.1 19545.1 19545.1 19545.1 19545.1 19545.1 19545.1 19545.1 19545.1 19545.1 19545.1 19545.1 19545.1 19545.1 19545.1 19545.1 19545.1 19545.1 19545.1 19545.1 19545.1 19545.1 19545.1 19545.1 19545.1 19545.1 19545.1 19545.1 19545.1 19545.1 19545.1 19545.1 19545.1 19545.1 19545.1 19545.1 19545.1 19545.1 19545.1 19545.1 19545.1 19545.1 19545.1 19545.1 19545.1 19545.1 19545.1 19545.1 19545.1 19545.1 19545.1 19545.1 19545.1 19545.1 19545.1 19545.1 19545.1 19545.1 19545.1 19545.1 19545.1 19545.1 19545.1 19545.1 19545.1 19545.1 19545.1 19545.1 19545.1 19545.1 19545.1 19545.1 19545.1 19545.1 19545.1 19545.1 19545.1 19545.1 19545.1 19545.1 19545.1 19545.1 19545.1 19545.1 19545.1 19545.1 19545.1 19545.1 19545.1 19545.1 19545.1 19545.1 19545.1 19545.1 19545.1 19545.1 19545.1 19545.1 19545.1 19545.1 19545.1 19545.1 19545.1 19545.1 19545.1 19545.1 19545.1 19545.1 19384.3 17680.0 17680.0 17680.0 17680.0 17680.0 17680.0 17680.0 17680.0 17680.0 17680.0 17680.0 17680.0 17680.0 17680.0 17680.0 17680.0 17680.0 17680.0 17680.0 17680.0 17680.0 17680.0 17680.0 9455.5 7334.7 7334.7 7334.7 7334.7 7334.7 7334.7 7334.7 7334.7 7334.7 7334.7 7334.7 7334.7 7334.7 7334.7 7334.7 7334.7 7334.7 7334.7 7334.7 7334.7 7334.7 7334.7 7334.7 7334.7 7334.7 7334.7 7334.7 7334.7 7334.7 7334.7 7334.7 7334.7 7334.7 7334.7 7334.7 7334.7 7334.7 7334.7 7334.7 7334.7 7334.7 7334.7 7334.7 7334.7 7334.7 7334.7 7334.7 7334.7 7334.7 7334.7 7334.7 7334.7 7334.7 7334.7 7334.7 7334.7 7334.7 7334.7 7334.7 7334.7 7334.7 7334.7 7334.7 7334.7 7334.7 7334.7 7334.7 7334.7 7334.7 7334.7 7334.7 7334.7 7334.7 7334.7 7334.7 7334.7 7334.7 7334.7 7334.7 7334.7 7334.7 7334.7 7334.7 7334.7 7334.7 7334.7 7334.7 7334.7 7334.7 7334.7 7334.7 7334.7 7334.7 7334.7 7334.7 7334.7 7334.7 7334.7 7334.7 7334.7 7334.7 7334.7 7334.7 7334.7 7334.7 7334.7 7334.7 7334.7 7334.7 7334.7 7334.7 7334.7 7334.7 7334.7 7334.7 7334.7

================ RESULT ================
rule               : prodigy  (mesh=delaunay)
n_starts/steps/batch: 8/300/4  resurrect=True
log_det=cholesky  fix_reg=0.316227766  reg=mesh-default
wall_s             : 851.0
max log likelihood : -9314.802
einstein_radius    : 0.9691   (truth 1.6, Nautilus mode 0.962)
in truth basin     : False   (slack tol — converged-sampler logL is the real bar)
bar (Nautilus)     : 19982.3
bar (truth-point)  : 30078.7   (recovery reference)
steps to bar proxy : not reached
steps to truth proxy: not reached
total_steps        : 300
wall per step      : 2.837s
n_resurrections    : 4
stop_reason        : max_steps
=======================================

fom_history (best -2logP per step): 119747.9 119744.5 119741.1 119737.7 119734.3 119729.9 119723.5 119714.5 119697.9 119675.2 119640.2 119613.8 119535.7 119428.2 119281.9 119070.9 118759.0 118356.1 118356.1 117820.2 116551.2 115358.0 113250.3 113250.3 108045.2 106447.8 105243.3 105243.3 105243.3 105243.3 105243.3 105243.3 105243.3 105243.3 105243.3 101059.5 101059.5 101059.5 95599.7 90558.5 87478.3 47064.3 43621.6 19545.0 19545.0 19545.0 19545.0 19545.0 19545.0 19545.0 19545.0 19545.0 19545.0 19545.0 19545.0 19545.0 19545.0 19545.0 19545.0 19545.0 19545.0 19545.0 19545.0 19545.0 19545.0 19545.0 19545.0 19545.0 19545.0 19545.0 19545.0 19545.0 19545.0 19545.0 19545.0 19545.0 19545.0 19545.0 19545.0 19545.0 19545.0 19545.0 19545.0 19545.0 19545.0 19545.0 19545.0 19545.0 19545.0 19545.0 19545.0 19545.0 19545.0 19545.0 19545.0 19545.0 19545.0 19545.0 19545.0 19545.0 19545.0 19545.0 19545.0 19545.0 19545.0 19545.0 19545.0 19545.0 19545.0 19545.0 19545.0 19545.0 19545.0 19545.0 19545.0 19545.0 19545.0 19545.0 19545.0 19545.0 19545.0 19545.0 19545.0 19545.0 19545.0 19545.0 19545.0 19545.0 19545.0 19545.0 19545.0 19545.0 19545.0 19545.0 19545.0 19545.0 19545.0 19545.0 19545.0 19545.0 19545.0 19545.0 19545.0 19545.0 19545.0 19545.0 19545.0 19545.0 19545.0 19545.0 19545.0 19545.0 19545.0 19545.0 19545.0 19545.0 19545.0 19545.0 19545.0 19545.0 19545.0 19545.0 19545.0 19545.0 19545.0 19545.0 19545.0 19545.0 19545.0 19545.0 19545.0 19545.0 19545.0 19545.0 19545.0 19545.0 19545.0 19545.0 19545.0 19545.0 18640.5 18640.5 18640.5 18640.5 18640.5 18640.5 18640.5 18640.5 18640.5 18640.5 18640.5 18640.5 18640.5 18640.5 18640.5 18640.5 18640.5 18640.5 18640.5 18640.5 18640.5 18640.5 18640.5 18640.5 18640.5 18640.5 18640.5 18640.5 18640.5 18640.5 18640.5 18640.5 18640.5 18640.5 18640.5 18640.5 18640.5 18640.5 18640.5 18640.5 18640.5 18640.5 18640.5 18640.5 18640.5 18640.5 18640.5 18640.5 18640.5 18640.5 18640.5 18640.5 18640.5 18640.5 18640.5 18640.5 18640.5 18640.5 18640.5 18640.5 18640.5 18640.5 18640.5 18640.5 18640.5 18640.5 18640.5 18640.5 18640.5 18640.5 18640.5 18640.5 18640.5 18640.5 18640.5 18640.5 18640.5 18640.5 18640.5 18640.5 18640.5 18640.5 18640.5 18640.5 18640.5 18640.5 18640.5 18640.5 18640.5 18640.5 18640.5 18640.5 18640.5 18640.5 18640.5 18640.5 18640.5 18640.5 18640.5 18640.5 18640.5 18640.5 18640.5 18640.5 18640.5 18640.5 18640.5 18640.5 18640.5 18640.5 18640.5 18640.5 18640.5 18640.5 18640.5 18640.5 18640.5 18640.5 18640.5 18640.5

================ RESULT ================
rule               : prodigy  (mesh=delaunay)
n_starts/steps/batch: 16/300/4  resurrect=True
log_det=cholesky  fix_reg=0.316227766  reg=mesh-default
wall_s             : 1598.4
max log likelihood : 24581.797
einstein_radius    : 1.6314   (truth 1.6, Nautilus mode 0.962)
in truth basin     : True   (slack tol — converged-sampler logL is the real bar)
bar (Nautilus)     : 19982.3
bar (truth-point)  : 30078.7   (recovery reference)
steps to bar proxy : 178
steps to truth proxy: not reached
total_steps        : 300
wall per step      : 5.328s
n_resurrections    : 6
stop_reason        : max_steps
=======================================

fom_history (best -2logP per step): 119747.9 119744.5 119741.1 119737.7 119734.3 119729.9 119723.5 119714.5 119697.9 119675.2 119640.2 119613.8 119535.7 119428.2 119281.9 119070.9 118759.0 118356.1 118356.1 117820.2 116551.2 115358.0 113250.3 113250.3 108045.2 106447.8 105243.3 105243.3 105243.3 105243.3 105243.3 105243.3 105243.3 105243.3 105243.3 101059.5 101059.5 101059.5 95599.7 90558.5 87478.3 47064.3 43621.6 19545.1 19545.1 19545.1 19545.1 19545.1 19545.1 19545.1 19545.1 19545.1 19545.1 19545.1 19545.1 19545.1 19545.1 19545.1 19545.1 19545.1 19545.1 19545.1 19545.1 19545.1 19545.1 19545.1 19545.1 19545.1 19545.1 19545.1 19545.1 19545.1 19545.1 19545.1 19545.1 19545.1 19545.1 19545.1 19545.1 19545.1 19545.1 19545.1 19545.1 19545.1 19545.1 19545.1 19545.1 19545.1 19545.1 19545.1 19545.1 19545.1 19545.1 19545.1 19545.1 19545.1 19545.1 19545.1 19545.1 19545.1 18132.9 18132.9 18132.9 18132.9 18132.9 18132.9 18132.9 18132.9 18132.9 18132.9 17362.3 17310.5 17310.5 15716.0 15716.0 15716.0 15716.0 14997.5 14997.5 11815.1 10748.0 10229.2 10229.2 10229.2 10087.4 10087.4 7108.7 4493.3 -2019.3 -2019.3 -2019.3 -2019.3 -2019.3 -2019.3 -4652.7 -4652.7 -4652.7 -4652.7 -4652.7 -4652.7 -4652.7 -4652.7 -4652.7 -4652.7 -4652.7 -5312.2 -5312.2 -5312.2 -5312.2 -5312.2 -5312.2 -5312.2 -5312.2 -5312.2 -5312.2 -5312.2 -5312.2 -5312.2 -5312.2 -5312.2 -5312.2 -17766.3 -24789.6 -24789.6 -24789.6 -24789.6 -24789.6 -24789.6 -24789.6 -27192.6 -27194.8 -27194.8 -27194.8 -27194.8 -29192.1 -35810.7 -35810.7 -39994.7 -39994.7 -39994.7 -41232.8 -41232.8 -41232.8 -41232.8 -41232.8 -41232.8 -42355.9 -42355.9 -42355.9 -42355.9 -47003.7 -47003.7 -47003.7 -47003.7 -47003.7 -47003.7 -48016.2 -48016.2 -48016.2 -48016.2 -48016.2 -48016.2 -48016.2 -48016.2 -48016.2 -48016.2 -48016.2 -48016.2 -48016.2 -48016.2 -48016.2 -48474.9 -48474.9 -48474.9 -48474.9 -48474.9 -48615.2 -48615.2 -48615.2 -48615.2 -48615.2 -48615.2 -48615.2 -48615.2 -48615.2 -48615.2 -48615.2 -48615.2 -48615.2 -48615.2 -48615.2 -48615.2 -48615.2 -48615.2 -48615.2 -48615.2 -48615.2 -48615.2 -48615.2 -48615.2 -48615.2 -48615.2 -48615.2 -48615.2 -48615.2 -48615.2 -48615.2 -48615.2 -48615.2 -48615.2 -48615.2 -48615.2 -48615.2 -48615.2 -48615.2 -48615.2 -48615.2 -48615.2 -48615.2 -48615.2 -48615.2 -48615.2 -48615.2 -48615.2 -48615.2 -48615.2 -48615.2 -48615.2 -48615.2 -48615.2 -48615.2 -48615.2 -49160.3 -49160.3 -49160.3 -49160.3 -49160.3 -49160.3 -49160.3 -49160.3 -49160.3 -49160.3 -49160.3 -49160.3 -49160.3 -49160.3 -49160.3 -49160.3 -49160.3 -49160.3 -49160.3 -49160.3 -49160.3 -49160.3 -49160.3 -49160.3 -49160.3 -49160.3 -49160.3 -49160.3

================ RESULT ================
rule               : prodigy  (mesh=delaunay)
n_starts/steps/batch: 16/300/2  resurrect=True
log_det=cholesky  fix_reg=0.316227766  reg=mesh-default
wall_s             : 2079.8
max log likelihood : 30203.345
einstein_radius    : 1.6001   (truth 1.6, Nautilus mode 0.962)
in truth basin     : True   (slack tol — converged-sampler logL is the real bar)
bar (Nautilus)     : 19982.3
bar (truth-point)  : 30078.7   (recovery reference)
steps to bar proxy : 195
steps to truth proxy: 253
total_steps        : 300
wall per step      : 6.933s
n_resurrections    : 9
stop_reason        : max_steps
=======================================

fom_history (best -2logP per step): 119747.9 119744.5 119741.1 119737.7 119734.3 119729.9 119723.5 119714.5 119697.9 119675.2 119640.2 119613.8 119535.7 119428.2 119281.9 119070.9 118759.0 118356.1 118356.1 117820.2 116551.2 115358.0 113250.3 113250.3 108045.2 106447.8 105243.3 105243.3 105243.3 105243.3 105243.3 105243.3 105243.3 105243.3 105243.3 101059.5 101059.5 101059.5 95599.7 90558.5 87478.3 47064.3 43621.6 19545.0 19545.0 19545.0 19545.0 19545.0 19545.0 19545.0 19545.0 19545.0 19545.0 19545.0 19545.0 19545.0 19545.0 19545.0 19545.0 19545.0 19545.0 19545.0 19545.0 19545.0 19545.0 19545.0 19545.0 19545.0 19545.0 19545.0 19545.0 19545.0 19545.0 19545.0 19545.0 19545.0 19545.0 19545.0 19545.0 19545.0 19545.0 19545.0 19545.0 17263.4 17263.4 15666.8 15666.8 15666.8 15666.8 15666.8 15666.8 15666.8 15666.8 15666.8 15666.8 15666.8 15666.8 15666.8 15666.8 15666.8 15666.8 15666.8 15666.8 15666.8 15666.8 15666.8 15666.8 15666.8 15666.8 15666.8 15666.8 15666.8 15666.8 15666.8 15666.8 15666.8 15666.8 15666.8 15666.8 15666.8 15666.8 15666.8 15666.8 15666.8 15666.8 15666.8 15666.8 15666.8 15666.8 -16258.1 -16258.1 -16258.1 -16258.1 -16258.1 -16258.1 -16258.1 -16258.1 -16258.1 -16258.1 -16258.1 -16258.1 -16258.1 -16258.1 -16258.1 -16258.1 -16258.1 -16258.1 -16258.1 -16258.1 -16258.1 -16258.1 -16258.1 -16258.1 -16258.1 -16258.1 -16258.1 -16258.1 -16258.1 -16258.1 -16258.1 -16258.1 -16258.1 -16258.1 -16258.1 -16258.1 -16258.1 -16258.1 -16258.1 -16258.1 -16258.1 -16258.1 -16258.1 -16258.1 -16258.1 -16258.1 -16258.1 -16258.1 -16258.1 -24623.1 -24623.1 -24623.1 -24623.1 -24623.1 -24623.1 -24623.1 -24623.1 -28045.6 -36531.5 -38241.4 -38241.4 -38241.4 -38241.4 -38241.4 -38241.4 -40928.7 -44645.0 -48122.0 -50146.2 -50146.2 -50146.2 -53102.5 -53102.5 -53102.5 -53102.5 -53102.5 -53102.5 -53102.5 -53102.5 -53102.5 -53102.5 -53102.5 -53102.5 -53102.5 -53102.5 -53102.5 -53102.5 -53102.5 -53934.6 -57854.0 -58271.2 -58271.2 -58271.2 -58271.2 -58271.2 -58271.2 -58271.2 -58271.2 -58271.2 -58271.2 -58271.2 -58271.2 -58722.7 -59096.0 -59096.0 -59096.0 -59855.5 -60086.3 -60086.3 -60086.3 -60086.3 -60086.3 -60086.3 -60086.3 -60086.3 -60086.3 -60086.3 -60086.3 -60086.3 -60086.3 -60094.4 -60094.4 -60122.9 -60267.2 -60267.2 -60267.2 -60267.2 -60267.2 -60267.2 -60267.2 -60267.2 -60267.2 -60267.2 -60267.2 -60267.2 -60281.7 -60352.6 -60352.6 -60352.6 -60362.9 -60367.5 -60367.5 -60367.5 -60367.5 -60367.5 -60367.5 -60367.5 -60377.4 -60377.4 -60377.4 -60377.4 -60377.4 -60377.4 -60377.4 -60377.4 -60377.4 -60380.4 -60380.4 -60380.4 -60384.9 -60390.4 -60390.4 -60390.4 -60390.4 -60395.2 -60399.3 -60399.3 -60399.3 -60399.3 -60400.7 -60406.7

