================ RESULT ================
rule               : prodigy  (mesh=knn)
n_starts/steps/batch: 16/2/4  resurrect=True
log_det=cholesky  fix_reg=free
wall_s             : 226.4
max log likelihood : -158189.840
einstein_radius    : 5.3131   (truth 1.6)
in truth basin     : False   (slack tol — converged-sampler logL is the real bar)
bar (Nautilus)     : none yet (baseline pending)
steps to bar       : not reached
total_steps        : 2
n_resurrections    : 0
stop_reason        : max_steps
=======================================

fom_history (best -2logP per step): 316373.9 316373.9

================ RESULT ================
rule               : prodigy  (mesh=knn)
n_starts/steps/batch: 16/3000/4  resurrect=True
log_det=cholesky  fix_reg=free
wall_s             : 56780.8
max log likelihood : 29723.900
einstein_radius    : 1.5990   (truth 1.6)
in truth basin     : True   (slack tol — converged-sampler logL is the real bar)
bar (Nautilus)     : none yet (baseline pending)
bar (truth-point)  : 28791.5   (upper reference)
steps to bar       : not reached
total_steps        : 3000
n_resurrections    : 265
stop_reason        : max_steps
=======================================

fom_history (best -2logP per step): 316373.9 316373.9 316373.9 316373.9 316373.9 316373.9 316373.9 316373.9 316373.9 316373.9 316373.8 316373.7 316373.6 316373.5 316373.2 316372.8 314384.5 314384.3 314384.0 314383.8 314383.4 314382.9 314382.0 314380.6 314379.0 314375.9 314373.0 314364.4 314354.7 314343.2 314324.8 314295.1 314252.5 313947.6 313611.2 313286.6 312135.4 310333.6 307440.5 306614.2 306614.2 149756.4 149755.6 149754.8 149754.8 149754.5 149754.5 149754.5 149754.5 149754.5 149754.5 149754.5 149745.4 149717.0 149691.7 149618.5 149560.7 149485.2 149341.8 149127.7 148905.0 148380.9 147628.5 146761.3 145908.4 144072.6 142525.9 140293.8 136753.6 133803.0 131527.0 129373.4 127116.4 125071.4 125071.4 121014.3 116668.3 113601.8 106583.0 106583.0 95382.9 92645.1 92645.1 90166.4 66349.1 15128.1 15128.1 15128.1 15128.1 9233.4 3958.6 -5077.9 -20033.5 -20033.5 -20033.5 -24308.7 -24308.7 -24308.7 -24308.7 -31807.7 -31807.7 -31807.7 -31807.7 -31807.7 -32916.4 -32916.4 -32916.4 -32916.4 -35865.5 -35865.5 -38143.5 -38143.5 -38923.7 -39407.4 -39407.4 -39407.4 -39407.4 -39407.4 -39407.4 -39407.4 -39407.4 -39407.4 -39407.4 -39407.4 -39437.2 -39437.2 -39666.2 -39666.2 -39666.2 -40566.7 -41002.2 -41002.2 -41002.2 -41002.2 -41002.2 -41002.2 -41002.2 -41002.2 -41002.2 -41002.2 -41002.2 -41002.2 -41002.2 -41002.2 -41002.2 -41002.2 -41002.2 -41002.2 -41736.9 -41894.8 -42690.4 -42690.4 -42690.4 -44490.0 -44490.0 -44490.0 -44490.0 -44490.0 -44490.0 -44490.0 -44490.0 -44490.0 -44490.0 -44490.0 -44490.0 -44490.0 -44490.0 -44490.0 -44490.0 -44490.0 -44490.0 -44490.0 -44490.0 -44490.0 -44490.0 -44490.0 -44490.0 -44490.0 -44564.7 -44564.7 -44564.7 -44564.7 -44746.5 -44746.5 -44746.5 -44746.5 -44746.5 -44746.5 -44746.5 -44746.5 -44746.5 -44746.5 -44746.5 -44746.5 -44872.3 -44872.3 -44872.3 -44872.3 -44872.3 -44872.3 -44872.3 -44872.3 -44872.3 -44872.3 -44872.3 -44872.3 -44872.3 -44872.3 -44872.3 -44872.3 -44883.7 -44883.7 -44899.3 -44899.3 -44899.3 -44899.3 -44908.9 -44908.9 -44908.9 -44961.3 -44980.8 -44980.8 -44980.8 -44980.8 -44981.4 -44981.4 -44981.4 -44981.4 -45009.5 -45009.5 -45009.5 -45009.5 -45009.5 -45009.5 -45009.5 -45009.5 -45009.5 -45009.5 -45009.5 -45009.5 -45029.9 -45029.9 -45029.9 -45029.9 -45029.9 -45029.9 -45029.9 -45029.9 -45029.9 -45029.9 -45029.9 -45029.9 -45029.9 -45029.9 -45029.9 -45029.9 -45029.9 -45029.9 -45029.9 -45029.9 -45029.9 -45029.9 -45029.9 -45029.9 -45029.9 -45029.9 -45029.9 -45029.9 -45029.9 -45029.9 -45029.9 -45029.9 -45029.9 -45029.9 -45029.9 -45029.9 -45029.9 -45029.9 -45029.9 -45029.9 -45029.9 -45029.9 -45029.9 -45029.9 -45029.9 -45029.9 -45029.9 -45029.9 -45029.9 -45029.9 -45029.9 -45029.9 -45029.9 -45029.9 -45029.9 -45029.9 -45029.9 -45029.9 -45029.9 -45029.9 -45029.9 -45029.9 -45029.9 -45029.9 -45029.9 -45029.9 -45029.9 -45029.9 -45029.9 -45029.9 -45029.9 -45029.9 -45029.9 -45029.9 -45029.9 -45029.9 -45029.9 -45029.9 -45029.9 -45029.9 -45029.9 -45029.9 -45029.9 -45029.9 -45029.9 -45029.9 -45029.9 -45029.9 -45029.9 -45029.9 -45029.9 -45029.9 -45029.9 -45029.9 -45029.9 -45029.9 -45029.9 -45029.9 -45029.9 -45029.9 -45029.9 -45029.9 -45029.9 -45029.9 -45029.9 -45029.9 -45029.9 -45029.9 -45029.9 -45029.9 -45029.9 -45029.9 -45029.9 -45029.9 -45029.9 -45029.9 -45029.9 -45029.9 -45029.9 -45029.9 -45029.9 -45029.9 -45029.9 -45029.9 -45029.9 -45029.9 -45029.9 -45029.9 -45029.9 -45029.9 -45029.9 -45029.9 -45029.9 -45029.9 -45029.9 -45029.9 -45029.9 -45029.9 -45029.9 -45029.9 -45029.9 -45029.9 -45029.9 -45029.9 -45029.9 -45029.9 -45029.9 -45029.9 -45029.9 -45029.9 -45029.9 -45029.9 -45029.9 -45029.9 -45029.9 -45029.9 -45029.9 -45029.9 -45029.9 -45029.9 -45029.9 -45029.9 -45029.9 -45029.9 -45029.9 -45029.9 -45029.9 -45029.9 -45029.9 -45029.9 -45029.9 -45029.9 -45029.9 -45029.9 -45029.9 -45029.9 -45029.9 -45029.9 -45029.9 -45029.9 -45029.9 -45029.9 -45029.9 -45029.9 -45029.9 -45029.9 -45029.9 -45029.9 -45029.9 -45029.9 -45029.9 -45029.9 -45029.9 -45029.9 -45029.9 -45029.9 -45029.9 -45029.9 -45029.9 -45029.9 -45029.9 -45029.9 -45029.9 -45029.9 -45029.9 -45029.9 -45029.9 -45029.9 -45029.9 -45029.9 -45029.9 -45029.9 -45029.9 -45029.9 -45029.9 -45029.9 -45029.9 -45029.9 -45029.9 -45029.9 -45029.9 -45029.9 -45029.9 -45029.9 -45029.9 -45029.9 -45029.9 -45029.9 -45029.9 -45029.9 -45029.9 -45029.9 -45029.9 -45029.9 -45029.9 -45029.9 -45029.9 -45029.9 -45029.9 -45029.9 -45029.9 -45029.9 -45029.9 -45029.9 -45029.9 -45029.9 -45029.9 -45029.9 -45029.9 -45029.9 -45029.9 -45029.9 -45029.9 -45029.9 -45029.9 -45029.9 -45029.9 -45029.9 -45029.9 -45029.9 -45029.9 -45029.9 -45029.9 -45029.9 -45029.9 -45029.9 -45029.9 -45029.9 -45029.9 -45029.9 -45029.9 -45029.9 -45029.9 -45029.9 -45029.9 -45029.9 -45029.9 -45029.9 -45029.9 -45029.9 -45029.9 -45029.9 -45029.9 -45029.9 -45029.9 -45029.9 -45029.9 -45029.9 -45029.9 -45029.9 -45029.9 -45029.9 -45029.9 -45029.9 -45029.9 -45029.9 -45029.9 -45029.9 -45029.9 -45029.9 -45029.9 -45029.9 -45029.9 -45029.9 -45029.9 -45029.9 -45029.9 -45029.9 -45029.9 -45029.9 -45029.9 -45029.9 -45029.9 -45029.9 -45029.9 -45029.9 -45029.9 -45029.9 -45029.9 -45029.9 -45029.9 -45029.9 -45029.9 -45029.9 -45029.9 -45029.9 -45029.9 -45029.9 -45029.9 -45029.9 -45029.9 -45029.9 -45029.9 -45029.9 -45029.9 -45029.9 -45029.9 -45029.9 -45029.9 -45029.9 -45029.9 -45029.9 -45029.9 -45029.9 -45029.9 -45029.9 -45029.9 -45029.9 -45029.9 -45029.9 -45029.9 -45029.9 -45029.9 -45029.9 -45029.9 -45029.9 -45029.9 -45029.9 -45029.9 -45029.9 -45029.9 -45029.9 -45029.9 -45029.9 -45029.9 -45029.9 -45029.9 -45029.9 -45029.9 -45029.9 -45029.9 -45029.9 -45029.9 -45029.9 -45029.9 -45029.9 -45029.9 -45029.9 -45029.9 -45029.9 -45029.9 -45029.9 -45029.9 -45029.9 -45029.9 -45029.9 -45029.9 -45029.9 -45029.9 -45029.9 -45029.9 -45029.9 -45029.9 -45029.9 -45029.9 -45029.9 -45029.9 -45029.9 -45029.9 -45029.9 -45029.9 -45029.9 -45029.9 -45029.9 -45029.9 -45029.9 -45029.9 -45029.9 -45029.9 -45029.9 -45029.9 -45029.9 -45029.9 -45029.9 -45029.9 -45029.9 -45029.9 -45029.9 -45029.9 -45029.9 -45029.9 -45029.9 -45029.9 -45029.9 -45029.9 -45029.9 -45029.9 -45029.9 -45029.9 -45029.9 -45029.9 -45029.9 -45029.9 -45029.9 -45029.9 -45029.9 -45029.9 -45029.9 -45029.9 -45029.9 -45029.9 -45029.9 -45029.9 -45029.9 -45029.9 -45029.9 -45029.9 -45029.9 -45029.9 -45029.9 -45029.9 -45029.9 -45029.9 -45029.9 -45029.9 -45029.9 -45029.9 -45029.9 -45029.9 -45029.9 -45029.9 -45029.9 -45029.9 -45029.9 -45029.9 -45029.9 -45029.9 -45029.9 -45029.9 -45029.9 -45029.9 -45029.9 -45029.9 -45029.9 -45029.9 -45029.9 -45029.9 -45029.9 -45029.9 -45029.9 -45029.9 -45029.9 -45029.9 -45029.9 -45029.9 -45029.9 -45029.9 -45029.9 -45029.9 -45029.9 -45029.9 -45029.9 -45029.9 -45029.9 -45029.9 -45029.9 -45029.9 -45029.9 -45029.9 -45029.9 -45029.9 -45029.9 -45029.9 -45029.9 -45029.9 -45029.9 -45029.9 -45029.9 -45029.9 -45029.9 -45029.9 -45029.9 -45029.9 -45029.9 -45029.9 -45029.9 -45029.9 -45029.9 -45029.9 -45029.9 -45029.9 -45029.9 -45029.9 -45029.9 -45029.9 -45029.9 -45029.9 -45029.9 -45029.9 -45029.9 -45029.9 -45029.9 -45029.9 -45029.9 -45029.9 -45029.9 -45029.9 -45029.9 -45029.9 -45029.9 -45029.9 -45029.9 -45029.9 -45029.9 -45029.9 -45029.9 -45029.9 -45029.9 -45029.9 -45029.9 -45029.9 -45029.9 -45029.9 -45029.9 -45029.9 -45029.9 -45029.9 -45029.9 -45029.9 -45029.9 -45029.9 -45029.9 -45029.9 -45029.9 -45029.9 -45029.9 -45029.9 -45029.9 -45029.9 -45029.9 -45029.9 -45029.9 -45029.9 -45029.9 -45029.9 -45029.9 -45029.9 -45029.9 -45029.9 -45029.9 -45029.9 -45029.9 -45029.9 -45029.9 -45029.9 -45029.9 -45029.9 -45029.9 -45029.9 -45029.9 -45029.9 -45029.9 -45029.9 -45029.9 -45029.9 -45029.9 -45029.9 -45029.9 -45029.9 -45029.9 -45029.9 -45029.9 -45029.9 -45029.9 -45029.9 -45029.9 -45029.9 -45029.9 -45029.9 -45029.9 -45029.9 -45029.9 -45029.9 -45029.9 -45029.9 -45029.9 -45029.9 -45029.9 -45029.9 -45029.9 -45029.9 -45029.9 -45029.9 -45029.9 -45029.9 -45029.9 -45029.9 -45029.9 -45029.9 -45029.9 -45029.9 -45029.9 -45029.9 -45029.9 -45029.9 -45029.9 -45029.9 -45029.9 -45029.9 -45029.9 -45029.9 -45029.9 -45029.9 -45029.9 -45029.9 -45029.9 -45029.9 -45029.9 -45029.9 -45029.9 -45029.9 -45029.9 -45029.9 -45029.9 -45029.9 -45029.9 -45029.9 -45029.9 -45029.9 -45029.9 -45029.9 -45029.9 -45029.9 -45029.9 -45029.9 -45029.9 -45029.9 -45029.9 -45029.9 -45029.9 -45029.9 -45029.9 -45029.9 -45029.9 -45029.9 -45029.9 -45029.9 -45029.9 -45029.9 -45029.9 -45029.9 -45029.9 -45029.9 -45029.9 -45029.9 -45029.9 -45029.9 -45029.9 -45029.9 -45029.9 -45029.9 -45029.9 -45029.9 -45029.9 -45029.9 -45029.9 -45029.9 -45029.9 -45029.9 -45029.9 -45029.9 -45029.9 -45029.9 -45029.9 -45029.9 -45029.9 -45029.9 -45029.9 -45029.9 -45029.9 -45029.9 -45029.9 -45029.9 -45029.9 -45029.9 -45029.9 -45029.9 -45029.9 -45029.9 -45029.9 -45029.9 -45029.9 -45029.9 -45029.9 -45029.9 -45029.9 -45029.9 -45029.9 -45029.9 -45029.9 -45029.9 -45029.9 -45029.9 -45029.9 -45029.9 -45029.9 -45029.9 -45029.9 -45029.9 -45029.9 -45029.9 -45029.9 -45029.9 -45029.9 -45029.9 -45029.9 -45029.9 -45029.9 -45029.9 -45029.9 -45029.9 -45029.9 -45029.9 -45029.9 -45029.9 -45029.9 -45029.9 -45029.9 -45029.9 -45029.9 -45029.9 -45029.9 -45029.9 -45029.9 -45029.9 -45029.9 -45029.9 -45029.9 -45029.9 -45029.9 -45029.9 -45029.9 -45029.9 -45029.9 -45029.9 -45029.9 -45029.9 -45029.9 -45029.9 -45029.9 -45029.9 -45029.9 -45029.9 -45029.9 -45029.9 -45029.9 -45029.9 -45029.9 -45029.9 -45029.9 -45029.9 -45029.9 -45029.9 -45029.9 -45029.9 -45029.9 -45029.9 -45029.9 -45029.9 -45029.9 -45029.9 -45029.9 -45029.9 -45029.9 -45029.9 -45029.9 -45029.9 -45029.9 -45029.9 -45029.9 -45029.9 -45029.9 -45029.9 -45029.9 -45029.9 -45029.9 -45029.9 -45029.9 -45029.9 -45029.9 -45029.9 -45029.9 -45029.9 -45029.9 -45029.9 -45029.9 -45029.9 -45029.9 -45029.9 -45029.9 -45029.9 -45029.9 -45029.9 -45029.9 -45029.9 -45029.9 -45029.9 -45029.9 -45029.9 -45029.9 -45029.9 -45029.9 -45029.9 -45029.9 -45029.9 -45029.9 -45029.9 -45029.9 -45029.9 -45029.9 -45029.9 -45029.9 -45029.9 -45029.9 -45029.9 -45029.9 -45029.9 -45029.9 -45029.9 -45029.9 -45029.9 -45029.9 -45029.9 -45029.9 -45029.9 -45029.9 -45029.9 -45029.9 -45029.9 -45029.9 -45029.9 -45029.9 -45029.9 -45029.9 -45029.9 -45029.9 -45029.9 -45029.9 -45029.9 -45029.9 -45029.9 -45029.9 -45029.9 -45029.9 -45029.9 -45029.9 -45029.9 -45029.9 -45029.9 -45029.9 -45029.9 -45029.9 -45029.9 -45029.9 -45029.9 -45029.9 -45029.9 -45029.9 -45029.9 -45029.9 -45029.9 -45029.9 -45029.9 -45029.9 -45029.9 -45029.9 -45029.9 -45029.9 -45029.9 -45029.9 -45029.9 -45029.9 -45029.9 -45029.9 -47505.5 -50083.7 -51351.6 -52648.5 -55305.6 -56271.4 -56271.4 -56832.7 -57624.0 -58473.8 -58473.8 -58473.8 -58473.8 -58473.8 -58473.8 -58473.8 -58473.8 -58473.8 -58473.8 -58473.8 -58473.8 -58473.8 -58473.8 -58473.8 -58473.8 -58473.8 -58473.8 -58473.8 -58473.8 -58473.8 -58473.8 -58473.8 -58473.8 -58617.9 -58771.9 -58882.0 -58964.0 -59039.5 -59113.1 -59124.7 -59167.9 -59167.9 -59167.9 -59167.9 -59167.9 -59167.9 -59167.9 -59167.9 -59167.9 -59167.9 -59167.9 -59167.9 -59167.9 -59167.9 -59167.9 -59168.0 -59210.2 -59210.2 -59210.2 -59210.2 -59230.6 -59237.3 -59254.0 -59260.3 -59311.5 -59311.5 -59311.5 -59311.5 -59311.5 -59311.5 -59311.5 -59311.5 -59326.1 -59326.1 -59326.1 -59326.1 -59341.5 -59341.5 -59341.5 -59343.8 -59352.3 -59352.3 -59352.3 -59359.6 -59359.6 -59359.6 -59365.8 -59365.8 -59365.8 -59365.8 -59372.4 -59372.4 -59372.4 -59372.4 -59372.4 -59378.7 -59378.7 -59378.7 -59378.7 -59378.7 -59378.7 -59378.7 -59379.7 -59379.7 -59379.7 -59379.7 -59388.3 -59390.2 -59390.2 -59406.0 -59406.0 -59406.0 -59406.9 -59406.9 -59406.9 -59414.9 -59414.9 -59414.9 -59414.9 -59414.9 -59414.9 -59414.9 -59414.9 -59423.6 -59423.6 -59423.6 -59423.6 -59423.6 -59423.6 -59434.2 -59434.2 -59434.2 -59434.2 -59434.2 -59440.3 -59440.3 -59440.3 -59440.3 -59440.3 -59446.3 -59448.9 -59448.9 -59448.9 -59448.9 -59448.9 -59456.0 -59456.0 -59456.0 -59456.0 -59456.0 -59456.0 -59456.0 -59456.0 -59456.0 -59456.0 -59456.0 -59456.0 -59456.0 -59456.0 -59456.0 -59456.0 -59456.0 -59456.0 -59456.0 -59456.0 -59456.0 -59456.0 -59456.0 -59456.0 -59456.0 -59456.0 -59456.0 -59456.0 -59456.0 -59456.0 -59456.0 -59456.0 -59456.0 -59456.0 -59456.0 -59456.0 -59456.0 -59456.0 -59456.0 -59456.0 -59456.0 -59456.0 -59456.0 -59456.0 -59456.0 -59456.0 -59456.0 -59456.0 -59456.0 -59456.0 -59456.0 -59456.0 -59456.0 -59456.0 -59456.0 -59456.0 -59456.0 -59456.0 -59456.0 -59456.0 -59456.0 -59456.0 -59456.0 -59456.0 -59456.0 -59456.0 -59456.0 -59456.0 -59456.0 -59456.0 -59456.0 -59456.0 -59456.0 -59456.0 -59456.0 -59456.0 -59456.0 -59456.0 -59456.0 -59456.0 -59456.0 -59456.0 -59456.0 -59456.0 -59456.0 -59456.0 -59456.0 -59456.0 -59456.0 -59456.0 -59456.0 -59456.0 -59456.0 -59456.0 -59456.0 -59456.0 -59456.0 -59456.0 -59456.0 -59456.0 -59456.0 -59456.0 -59456.0 -59456.0 -59456.0 -59456.0 -59456.0 -59456.0 -59456.0 -59456.0 -59456.0 -59456.0 -59456.0 -59456.0 -59456.0 -59456.0 -59456.0 -59456.0 -59456.0 -59456.0 -59456.0 -59456.0 -59456.0 -59456.0 -59456.0 -59456.0 -59456.0 -59456.0 -59456.0 -59456.0 -59456.0 -59456.0 -59456.0 -59456.0 -59456.0 -59456.0 -59456.0 -59456.0 -59456.0 -59456.0 -59456.0 -59456.0 -59456.0 -59456.0 -59456.0 -59456.0 -59456.0 -59456.0 -59456.0 -59456.0 -59456.0 -59456.0 -59456.0 -59456.0 -59456.0 -59456.0 -59456.0 -59456.0 -59456.0 -59456.0 -59456.0 -59456.0 -59456.0 -59456.0 -59456.0 -59456.0 -59456.0 -59456.0 -59456.0 -59456.0 -59456.0 -59456.0 -59456.0 -59456.0 -59456.0 -59456.0 -59456.0 -59456.0 -59456.0 -59456.0 -59456.0 -59456.0 -59456.0 -59456.0 -59456.0 -59456.0 -59456.0 -59456.0 -59456.0 -59456.0 -59456.0 -59456.0 -59456.0 -59456.0 -59456.0 -59456.0 -59456.0 -59456.0 -59456.0 -59456.0 -59456.0 -59456.0 -59456.0 -59456.0 -59456.0 -59456.0 -59456.0 -59456.0 -59456.0 -59456.0 -59456.0 -59456.0 -59456.0 -59456.0 -59456.0 -59456.0 -59456.0 -59456.0 -59456.0 -59456.0 -59456.0 -59456.0 -59456.0 -59456.0 -59456.0 -59456.0 -59456.0 -59456.0 -59456.0 -59456.0 -59456.0 -59456.0 -59456.0 -59456.0 -59456.0 -59456.0 -59456.0 -59456.0 -59456.0 -59456.0 -59456.0 -59456.0 -59456.0 -59456.0 -59456.0 -59456.0 -59456.0 -59456.0 -59456.0 -59456.0 -59456.0 -59456.0 -59456.0 -59456.0 -59456.0 -59456.0 -59456.0 -59456.0 -59456.0 -59456.0 -59456.0 -59456.0 -59456.0 -59456.0 -59456.0 -59456.0 -59456.0 -59456.0 -59456.0 -59456.0 -59456.0 -59456.0 -59456.0 -59456.0 -59456.0 -59456.0 -59456.0 -59456.0 -59456.0 -59456.0 -59456.0 -59456.0 -59456.0 -59456.0 -59456.0 -59456.0 -59456.0 -59456.0 -59456.0 -59456.0 -59456.0 -59456.0 -59456.0 -59456.0 -59456.0 -59456.0 -59456.0 -59456.0 -59456.0 -59456.0 -59456.0 -59456.0 -59456.0 -59456.0 -59456.0 -59456.0 -59456.0 -59456.0 -59456.0 -59456.0 -59456.0 -59456.0 -59456.0 -59456.0 -59456.0 -59456.0 -59456.0 -59456.0 -59456.0 -59456.0 -59456.0 -59456.0 -59456.0 -59456.0 -59456.0 -59456.0 -59456.0 -59456.0 -59456.0 -59456.0 -59456.0 -59456.0 -59456.0 -59456.0 -59456.0 -59456.0 -59456.0 -59456.0 -59456.0 -59456.0 -59456.0 -59456.0 -59456.0 -59456.0 -59456.0 -59456.0 -59456.0 -59456.0 -59456.0 -59456.0 -59456.0 -59456.0 -59456.0 -59456.0 -59456.0 -59456.0 -59456.0 -59456.0 -59456.0 -59456.0 -59456.0 -59456.0 -59456.0 -59456.0 -59456.0 -59456.0 -59456.0 -59456.0 -59456.0 -59456.0 -59456.0 -59456.0 -59456.0 -59456.0 -59456.0 -59456.0 -59456.0 -59456.0 -59456.0 -59456.0 -59456.0 -59456.0 -59456.0 -59456.0 -59456.0 -59456.0 -59456.0 -59456.0 -59456.0 -59456.0 -59456.0 -59456.0 -59456.0 -59456.0 -59456.0 -59456.0 -59456.0 -59456.0 -59456.0 -59456.0 -59456.0 -59456.0 -59456.0 -59456.0 -59456.0 -59456.0 -59456.0 -59456.0 -59456.0 -59456.0 -59456.0 -59456.0 -59456.0 -59456.0 -59456.0 -59456.0 -59456.0 -59456.0 -59456.0 -59456.0 -59456.0 -59456.0 -59456.0 -59456.0 -59456.0 -59456.0 -59456.0 -59456.0 -59456.0 -59456.0 -59456.0 -59456.0 -59456.0 -59456.0 -59456.0 -59456.0 -59456.0 -59456.0 -59456.0 -59456.0 -59456.0 -59456.0 -59456.0 -59456.0 -59456.0 -59456.0 -59456.0 -59456.0 -59456.0 -59456.0 -59456.0 -59456.0 -59456.0 -59456.0 -59456.0 -59456.0 -59456.0 -59456.0 -59456.0 -59456.0 -59456.0 -59456.0 -59456.0 -59456.0 -59456.0 -59456.0 -59456.0 -59456.0 -59456.0 -59456.0 -59456.0 -59456.0 -59456.0 -59456.0 -59456.0 -59456.0 -59456.0 -59456.0 -59456.0 -59456.0 -59456.0 -59456.0 -59456.0 -59456.0 -59456.0 -59456.0 -59456.0 -59456.0 -59456.0 -59456.0 -59456.0 -59456.0 -59456.0 -59456.0 -59456.0 -59456.0 -59456.0 -59456.0 -59456.0 -59456.0 -59456.0 -59456.0 -59456.0 -59456.0 -59456.0 -59456.0 -59456.0 -59456.0 -59456.0 -59456.0 -59456.0 -59456.0 -59456.0 -59456.0 -59456.0 -59456.0 -59456.0 -59456.0 -59456.0 -59456.0 -59456.0 -59456.0 -59456.0 -59456.0 -59456.0 -59456.0 -59456.0 -59456.0 -59456.0 -59456.0 -59456.0 -59456.0 -59456.0 -59456.0 -59456.0 -59456.0 -59456.0 -59456.0 -59456.0 -59456.0 -59456.0 -59456.0 -59456.0 -59456.0 -59456.0 -59456.0 -59456.0 -59456.0 -59456.0 -59456.0 -59456.0 -59456.0 -59456.0 -59456.0 -59456.0 -59456.0 -59456.0 -59456.0 -59456.0 -59456.0 -59456.0 -59456.0 -59456.0 -59456.0 -59456.0 -59456.0 -59456.0 -59456.0 -59456.0 -59456.0 -59456.0 -59456.0 -59456.0 -59456.0 -59456.0 -59456.0 -59456.0 -59456.0 -59456.0 -59456.0 -59456.0 -59456.0 -59456.0 -59456.0 -59456.0 -59456.0 -59456.0 -59456.0 -59456.0 -59456.0 -59456.0 -59456.0 -59456.0 -59456.0 -59456.0 -59456.0 -59456.0 -59456.0 -59456.0 -59456.0 -59456.0 -59456.0 -59456.0 -59456.0 -59456.0 -59456.0 -59456.0 -59456.0 -59456.0 -59456.0 -59456.0 -59456.0 -59456.0 -59456.0 -59456.0 -59456.0 -59456.0 -59456.0 -59456.0 -59456.0 -59456.0 -59456.0 -59456.0 -59456.0 -59456.0 -59456.0 -59456.0 -59456.0 -59456.0 -59456.0 -59456.0 -59456.0 -59456.0 -59456.0 -59456.0 -59456.0 -59456.0 -59456.0 -59456.0 -59456.0 -59456.0 -59456.0 -59456.0 -59456.0 -59456.0 -59456.0 -59456.0 -59456.0 -59456.0 -59456.0 -59456.0 -59456.0 -59456.0 -59456.0 -59456.0 -59456.0 -59456.0 -59456.0 -59456.0 -59456.0 -59456.0 -59456.0 -59456.0 -59456.0 -59456.0 -59456.0 -59456.0 -59456.0 -59456.0 -59456.0 -59456.0 -59456.0 -59456.0 -59456.0 -59456.0 -59456.0 -59456.0 -59456.0 -59456.0 -59456.0 -59456.0 -59456.0 -59456.0 -59456.0 -59456.0 -59456.0 -59456.0 -59456.0 -59456.0 -59456.0 -59456.0 -59456.0 -59456.0 -59456.0 -59456.0 -59456.0 -59456.0 -59456.0 -59456.0 -59456.0 -59456.0 -59456.0 -59456.0 -59456.0 -59456.0 -59456.0 -59456.0 -59456.0 -59456.0 -59456.0 -59456.0 -59456.0 -59456.0 -59456.0 -59456.0 -59456.0 -59456.0 -59456.0 -59456.0 -59456.0 -59456.0 -59456.0 -59456.0 -59456.0 -59456.0 -59456.0 -59456.0 -59456.0 -59456.0 -59456.0 -59456.0 -59456.0 -59456.0 -59456.0 -59456.0 -59456.0 -59456.0 -59456.0 -59456.0 -59456.0 -59456.0 -59456.0 -59456.0 -59456.0 -59456.0 -59456.0 -59456.0 -59456.0 -59456.0 -59456.0 -59456.0 -59456.0 -59456.0 -59456.0 -59456.0 -59456.0 -59456.0 -59456.0 -59456.0 -59456.0 -59456.0 -59456.0 -59456.0 -59456.0 -59456.0 -59456.0 -59456.0 -59456.0 -59456.0 -59456.0 -59456.0 -59456.0 -59456.0 -59456.0 -59456.0 -59456.0 -59456.0 -59456.0 -59456.0 -59456.0 -59456.0 -59456.0 -59456.0 -59456.0 -59456.0 -59456.0 -59456.0 -59456.0 -59456.0 -59456.0 -59456.0 -59456.0 -59456.0 -59456.0 -59456.0 -59456.0 -59456.0 -59456.0 -59456.0 -59456.0 -59456.0 -59456.0 -59456.0 -59456.0 -59456.0 -59456.0 -59456.0 -59456.0 -59456.0 -59456.0 -59456.0 -59456.0 -59456.0 -59456.0 -59456.0 -59456.0 -59456.0 -59456.0 -59456.0 -59456.0 -59456.0 -59456.0 -59456.0 -59456.0 -59456.0 -59456.0 -59456.0 -59456.0 -59456.0 -59456.0 -59456.0 -59456.0 -59456.0 -59456.0 -59456.0 -59456.0 -59456.0 -59456.0 -59456.0 -59456.0 -59456.0 -59456.0 -59456.0 -59456.0 -59456.0 -59456.0 -59456.0 -59456.0 -59456.0 -59456.0 -59456.0 -59456.0 -59456.0 -59456.0 -59456.0 -59456.0 -59456.0 -59456.0 -59456.0 -59456.0 -59456.0 -59456.0 -59456.0 -59456.0 -59456.0 -59456.0 -59456.0 -59456.0 -59456.0 -59456.0 -59456.0 -59456.0 -59456.0 -59456.0 -59456.0 -59456.0 -59456.0 -59456.0 -59456.0 -59456.0 -59456.0 -59456.0 -59456.0 -59456.0 -59456.0 -59456.0 -59456.0 -59456.0 -59456.0 -59456.0 -59456.0 -59456.0 -59456.0 -59456.0 -59456.0 -59456.0 -59456.0 -59456.0 -59456.0 -59456.0 -59456.0 -59456.0 -59456.0 -59456.0 -59456.0 -59456.0 -59456.0 -59456.0 -59456.0 -59456.0 -59456.0 -59456.0 -59456.0 -59456.0 -59456.0 -59456.0 -59456.0 -59456.0 -59456.0 -59456.0 -59456.0 -59456.0 -59456.0 -59456.0 -59456.0 -59456.0 -59456.0 -59456.0 -59456.0 -59456.0 -59456.0 -59456.0 -59456.0 -59456.0 -59456.0 -59456.0 -59456.0 -59456.0 -59456.0 -59456.0 -59456.0 -59456.0 -59456.0 -59456.0 -59456.0 -59456.0 -59456.0 -59456.0 -59456.0 -59456.0 -59456.0 -59456.0 -59456.0 -59456.0 -59456.0 -59456.0 -59456.0 -59456.0 -59456.0 -59456.0 -59456.0 -59456.0 -59456.0 -59456.0 -59456.0 -59456.0 -59456.0 -59456.0 -59456.0 -59456.0 -59456.0 -59456.0 -59456.0 -59456.0 -59456.0 -59456.0 -59456.0 -59456.0 -59456.0 -59456.0 -59456.0 -59456.0 -59456.0 -59456.0 -59456.0 -59456.0 -59456.0 -59456.0 -59456.0 -59456.0 -59456.0 -59456.0 -59456.0 -59456.0 -59456.0 -59456.0 -59456.0 -59456.0 -59456.0 -59456.0 -59456.0 -59456.0 -59456.0 -59456.0 -59456.0 -59456.0 -59456.0 -59456.0 -59456.0 -59456.0 -59456.0 -59456.0 -59456.0 -59456.0 -59456.0 -59456.0 -59456.0 -59456.0 -59456.0 -59456.0 -59456.0 -59456.0 -59456.0 -59456.0 -59456.0 -59456.0 -59456.0 -59456.0 -59456.0 -59456.0 -59456.0 -59456.0 -59456.0 -59456.0 -59456.0 -59456.0 -59456.0 -59456.0 -59456.0 -59456.0 -59456.0 -59456.0 -59456.0 -59456.0 -59456.0 -59456.0 -59456.0 -59456.0 -59456.0 -59456.0 -59456.0 -59456.0 -59456.0 -59456.0 -59456.0 -59456.0 -59456.0 -59456.0 -59456.0 -59456.0 -59456.0 -59456.0 -59456.0 -59456.0 -59456.0 -59456.0 -59456.0 -59456.0 -59456.0 -59456.0 -59456.0 -59456.0 -59456.0 -59456.0 -59456.0 -59456.0 -59456.0 -59456.0 -59456.0 -59456.0 -59456.0 -59456.0 -59456.0 -59456.0 -59456.0 -59456.0 -59456.0 -59456.0 -59456.0 -59456.0 -59456.0 -59456.0 -59456.0 -59456.0 -59456.0 -59456.0 -59456.0 -59456.0 -59456.0 -59456.0 -59456.0 -59456.0 -59456.0 -59456.0 -59456.0 -59456.0 -59456.0 -59456.0 -59456.0 -59456.0 -59456.0 -59456.0 -59456.0 -59456.0 -59456.0 -59456.0 -59456.0 -59456.0 -59456.0 -59456.0 -59456.0 -59456.0 -59456.0 -59456.0 -59456.0 -59456.0 -59456.0 -59456.0 -59456.0 -59456.0 -59456.0 -59456.0 -59456.0 -59456.0 -59456.0 -59456.0 -59456.0 -59456.0 -59456.0 -59456.0 -59456.0 -59456.0 -59456.0 -59456.0 -59456.0 -59456.0 -59456.0 -59456.0 -59456.0 -59456.0 -59456.0 -59456.0 -59456.0 -59456.0 -59456.0 -59456.0 -59456.0 -59456.0 -59456.0 -59456.0 -59456.0 -59456.0 -59456.0 -59456.0 -59456.0 -59456.0 -59456.0 -59456.0 -59456.0 -59456.0 -59456.0 -59456.0 -59456.0 -59456.0 -59456.0 -59456.0 -59456.0 -59456.0 -59456.0 -59456.0 -59456.0 -59456.0 -59456.0 -59456.0 -59456.0 -59456.0 -59456.0 -59456.0 -59456.0 -59456.0 -59456.0 -59456.0 -59456.0 -59456.0 -59456.0 -59456.0 -59456.0 -59456.0 -59456.0 -59456.0 -59456.0 -59456.0 -59456.0 -59456.0 -59456.0 -59456.0 -59456.0 -59456.0 -59456.0 -59456.0 -59456.0 -59456.0 -59456.0 -59456.0 -59456.0 -59456.0 -59456.0 -59456.0 -59456.0 -59456.0 -59456.0 -59456.0 -59456.0 -59456.0 -59456.0 -59456.0 -59456.0 -59456.0 -59456.0 -59456.0 -59456.0 -59456.0 -59456.0 -59456.0 -59456.0 -59456.0 -59456.0 -59456.0 -59456.0 -59456.0 -59456.0 -59456.0 -59456.0 -59456.0 -59456.0 -59456.0 -59456.0 -59456.0 -59456.0 -59456.0 -59456.0 -59456.0 -59456.0 -59456.0 -59456.0 -59456.0 -59456.0 -59456.0 -59456.0 -59456.0 -59456.0 -59456.0 -59456.0 -59456.0 -59456.0 -59456.0 -59456.0 -59456.0 -59456.0 -59456.0 -59456.0 -59456.0 -59456.0 -59456.0 -59456.0 -59456.0 -59456.0 -59456.0 -59456.0 -59456.0 -59456.0 -59456.0 -59456.0 -59456.0 -59456.0 -59456.0 -59456.0 -59456.0 -59456.0 -59456.0 -59456.0 -59456.0 -59456.0 -59456.0 -59456.0 -59456.0 -59456.0 -59456.0 -59456.0 -59456.0 -59456.0 -59456.0 -59456.0 -59456.0 -59456.0 -59456.0 -59456.0 -59456.0 -59456.0 -59456.0 -59456.0 -59456.0 -59456.0 -59456.0 -59456.0 -59456.0 -59456.0 -59456.0 -59456.0 -59456.0 -59456.0 -59456.0 -59456.0 -59456.0 -59456.0 -59456.0 -59456.0 -59456.0 -59456.0 -59456.0 -59456.0 -59456.0 -59456.0 -59456.0 -59456.0 -59456.0 -59456.0 -59456.0 -59456.0 -59456.0 -59456.0 -59456.0 -59456.0 -59456.0 -59456.0 -59456.0 -59456.0 -59456.0 -59456.0 -59456.0 -59456.0 -59456.0 -59456.0 -59456.0 -59456.0 -59456.0 -59456.0 -59456.0 -59456.0 -59456.0 -59456.0 -59456.0 -59456.0 -59456.0 -59456.0 -59456.0 -59456.0 -59456.0 -59456.0 -59456.0 -59456.0 -59456.0 -59456.0 -59456.0 -59456.0 -59456.0 -59456.0 -59456.0 -59456.0 -59456.0 -59456.0 -59456.0 -59456.0 -59456.0 -59456.0 -59456.0 -59456.0 -59456.0 -59456.0 -59456.0 -59456.0 -59456.0 -59456.0 -59456.0 -59456.0 -59456.0 -59456.0 -59456.0 -59456.0 -59456.0 -59456.0 -59456.0 -59456.0 -59456.0 -59456.0 -59456.0 -59456.0 -59456.0 -59456.0 -59456.0 -59456.0 -59456.0 -59456.0 -59456.0 -59456.0 -59456.0 -59456.0 -59456.0 -59456.0 -59456.0 -59456.0 -59456.0 -59456.0 -59456.0 -59456.0 -59456.0 -59456.0 -59456.0 -59456.0 -59456.0 -59456.0 -59456.0 -59456.0 -59456.0 -59456.0 -59456.0 -59456.0 -59456.0 -59456.0 -59456.0 -59456.0 -59456.0 -59456.0 -59456.0 -59456.0 -59456.0 -59456.0 -59456.0 -59456.0 -59456.0 -59456.0 -59456.0 -59456.0 -59456.0 -59456.0 -59456.0 -59456.0 -59456.0 -59456.0 -59456.0 -59456.0 -59456.0 -59456.0 -59456.0 -59456.0 -59456.0 -59456.0 -59456.0 -59456.0 -59456.0 -59456.0 -59456.0 -59456.0 -59456.0 -59456.0 -59456.0 -59456.0 -59456.0 -59456.0 -59456.0 -59456.0 -59456.0 -59456.0 -59456.0 -59456.0 -59456.0 -59456.0 -59456.0 -59456.0 -59456.0 -59456.0 -59456.0 -59456.0 -59456.0 -59456.0 -59456.0 -59456.0 -59456.0 -59456.0 -59456.0 -59456.0 -59456.0 -59456.0 -59456.0 -59456.0 -59456.0 -59456.0 -59456.0 -59456.0 -59456.0 -59456.0 -59456.0 -59456.0 -59456.0 -59456.0 -59456.0 -59456.0 -59456.0 -59456.0 -59456.0 -59456.0 -59456.0 -59456.0 -59456.0 -59456.0 -59456.0 -59456.0 -59456.0 -59456.0 -59456.0 -59456.0 -59456.0 -59456.0 -59456.0 -59456.0 -59456.0 -59456.0 -59456.0 -59456.0 -59456.0 -59456.0 -59456.0 -59456.0 -59456.0 -59456.0 -59456.0 -59456.0 -59456.0 -59456.0 -59456.0 -59456.0 -59456.0 -59456.0 -59456.0 -59456.0 -59456.0 -59456.0 -59456.0 -59456.0 -59456.0 -59456.0 -59456.0 -59456.0 -59456.0 -59456.0 -59456.0 -59456.0 -59456.0 -59456.0 -59456.0 -59456.0 -59456.0 -59456.0 -59456.0 -59456.0 -59456.0 -59456.0 -59456.0 -59456.0 -59456.0 -59456.0 -59456.0 -59456.0 -59456.0 -59456.0 -59456.0 -59456.0 -59456.0 -59456.0 -59456.0 -59456.0 -59456.0 -59456.0 -59456.0 -59456.0 -59456.0 -59456.0 -59456.0 -59456.0 -59456.0 -59456.0 -59456.0 -59456.0 -59456.0 -59456.0 -59456.0 -59456.0 -59456.0 -59456.0 -59456.0 -59456.0 -59456.0 -59456.0 -59456.0 -59456.0 -59456.0 -59456.0 -59456.0 -59456.0 -59456.0 -59456.0 -59456.0 -59456.0 -59456.0 -59456.0 -59456.0 -59456.0 -59456.0 -59456.0 -59456.0 -59456.0 -59456.0 -59456.0 -59456.0 -59456.0 -59456.0 -59456.0 -59456.0 -59456.0 -59456.0 -59456.0 -59456.0 -59456.0 -59456.0 -59456.0 -59456.0 -59456.0 -59456.0 -59456.0 -59456.0 -59456.0 -59456.0 -59456.0 -59456.0 -59456.0 -59456.0 -59456.0 -59456.0 -59456.0 -59456.0 -59456.0 -59456.0 -59456.0 -59456.0 -59456.0 -59456.0 -59456.0 -59456.0 -59456.0 -59456.0 -59456.0 -59456.0 -59456.0 -59456.0 -59456.0 -59456.0 -59456.0 -59456.0 -59456.0 -59456.0 -59456.0 -59456.0 -59456.0 -59456.0 -59456.0 -59456.0 -59456.0 -59456.0 -59456.0 -59456.0 -59456.0 -59456.0 -59456.0 -59456.0 -59456.0 -59456.0 -59456.0 -59456.0 -59456.0 -59456.0 -59456.0

================ RESULT ================
rule               : prodigy  (mesh=knn)
n_starts/steps/batch: 16/3000/4  resurrect=True
log_det=cholesky  fix_reg=free  reg=mesh-default
wall_s             : 2.8
max log likelihood : 29723.900
einstein_radius    : 1.5990   (truth 1.6, Nautilus mode 1.011)
in truth basin     : True   (slack tol — converged-sampler logL is the real bar)
bar (Nautilus)     : 5704.2
bar (truth-point)  : 28791.5   (upper reference)
steps to bar       : 92
total_steps        : 3000
n_resurrections    : 265
stop_reason        : max_steps
=======================================

fom_history (best -2logP per step): 316373.9 316373.9 316373.9 316373.9 316373.9 316373.9 316373.9 316373.9 316373.9 316373.9 316373.8 316373.7 316373.6 316373.5 316373.2 316372.8 314384.5 314384.3 314384.0 314383.8 314383.4 314382.9 314382.0 314380.6 314379.0 314375.9 314373.0 314364.4 314354.7 314343.2 314324.8 314295.1 314252.5 313947.6 313611.2 313286.6 312135.4 310333.6 307440.5 306614.2 306614.2 149756.4 149755.6 149754.8 149754.8 149754.5 149754.5 149754.5 149754.5 149754.5 149754.5 149754.5 149745.4 149717.0 149691.7 149618.5 149560.7 149485.2 149341.8 149127.7 148905.0 148380.9 147628.5 146761.3 145908.4 144072.6 142525.9 140293.8 136753.6 133803.0 131527.0 129373.4 127116.4 125071.4 125071.4 121014.3 116668.3 113601.8 106583.0 106583.0 95382.9 92645.1 92645.1 90166.4 66349.1 15128.1 15128.1 15128.1 15128.1 9233.4 3958.6 -5077.9 -20033.5 -20033.5 -20033.5 -24308.7 -24308.7 -24308.7 -24308.7 -31807.7 -31807.7 -31807.7 -31807.7 -31807.7 -32916.4 -32916.4 -32916.4 -32916.4 -35865.5 -35865.5 -38143.5 -38143.5 -38923.7 -39407.4 -39407.4 -39407.4 -39407.4 -39407.4 -39407.4 -39407.4 -39407.4 -39407.4 -39407.4 -39407.4 -39437.2 -39437.2 -39666.2 -39666.2 -39666.2 -40566.7 -41002.2 -41002.2 -41002.2 -41002.2 -41002.2 -41002.2 -41002.2 -41002.2 -41002.2 -41002.2 -41002.2 -41002.2 -41002.2 -41002.2 -41002.2 -41002.2 -41002.2 -41002.2 -41736.9 -41894.8 -42690.4 -42690.4 -42690.4 -44490.0 -44490.0 -44490.0 -44490.0 -44490.0 -44490.0 -44490.0 -44490.0 -44490.0 -44490.0 -44490.0 -44490.0 -44490.0 -44490.0 -44490.0 -44490.0 -44490.0 -44490.0 -44490.0 -44490.0 -44490.0 -44490.0 -44490.0 -44490.0 -44490.0 -44564.7 -44564.7 -44564.7 -44564.7 -44746.5 -44746.5 -44746.5 -44746.5 -44746.5 -44746.5 -44746.5 -44746.5 -44746.5 -44746.5 -44746.5 -44746.5 -44872.3 -44872.3 -44872.3 -44872.3 -44872.3 -44872.3 -44872.3 -44872.3 -44872.3 -44872.3 -44872.3 -44872.3 -44872.3 -44872.3 -44872.3 -44872.3 -44883.7 -44883.7 -44899.3 -44899.3 -44899.3 -44899.3 -44908.9 -44908.9 -44908.9 -44961.3 -44980.8 -44980.8 -44980.8 -44980.8 -44981.4 -44981.4 -44981.4 -44981.4 -45009.5 -45009.5 -45009.5 -45009.5 -45009.5 -45009.5 -45009.5 -45009.5 -45009.5 -45009.5 -45009.5 -45009.5 -45029.9 -45029.9 -45029.9 -45029.9 -45029.9 -45029.9 -45029.9 -45029.9 -45029.9 -45029.9 -45029.9 -45029.9 -45029.9 -45029.9 -45029.9 -45029.9 -45029.9 -45029.9 -45029.9 -45029.9 -45029.9 -45029.9 -45029.9 -45029.9 -45029.9 -45029.9 -45029.9 -45029.9 -45029.9 -45029.9 -45029.9 -45029.9 -45029.9 -45029.9 -45029.9 -45029.9 -45029.9 -45029.9 -45029.9 -45029.9 -45029.9 -45029.9 -45029.9 -45029.9 -45029.9 -45029.9 -45029.9 -45029.9 -45029.9 -45029.9 -45029.9 -45029.9 -45029.9 -45029.9 -45029.9 -45029.9 -45029.9 -45029.9 -45029.9 -45029.9 -45029.9 -45029.9 -45029.9 -45029.9 -45029.9 -45029.9 -45029.9 -45029.9 -45029.9 -45029.9 -45029.9 -45029.9 -45029.9 -45029.9 -45029.9 -45029.9 -45029.9 -45029.9 -45029.9 -45029.9 -45029.9 -45029.9 -45029.9 -45029.9 -45029.9 -45029.9 -45029.9 -45029.9 -45029.9 -45029.9 -45029.9 -45029.9 -45029.9 -45029.9 -45029.9 -45029.9 -45029.9 -45029.9 -45029.9 -45029.9 -45029.9 -45029.9 -45029.9 -45029.9 -45029.9 -45029.9 -45029.9 -45029.9 -45029.9 -45029.9 -45029.9 -45029.9 -45029.9 -45029.9 -45029.9 -45029.9 -45029.9 -45029.9 -45029.9 -45029.9 -45029.9 -45029.9 -45029.9 -45029.9 -45029.9 -45029.9 -45029.9 -45029.9 -45029.9 -45029.9 -45029.9 -45029.9 -45029.9 -45029.9 -45029.9 -45029.9 -45029.9 -45029.9 -45029.9 -45029.9 -45029.9 -45029.9 -45029.9 -45029.9 -45029.9 -45029.9 -45029.9 -45029.9 -45029.9 -45029.9 -45029.9 -45029.9 -45029.9 -45029.9 -45029.9 -45029.9 -45029.9 -45029.9 -45029.9 -45029.9 -45029.9 -45029.9 -45029.9 -45029.9 -45029.9 -45029.9 -45029.9 -45029.9 -45029.9 -45029.9 -45029.9 -45029.9 -45029.9 -45029.9 -45029.9 -45029.9 -45029.9 -45029.9 -45029.9 -45029.9 -45029.9 -45029.9 -45029.9 -45029.9 -45029.9 -45029.9 -45029.9 -45029.9 -45029.9 -45029.9 -45029.9 -45029.9 -45029.9 -45029.9 -45029.9 -45029.9 -45029.9 -45029.9 -45029.9 -45029.9 -45029.9 -45029.9 -45029.9 -45029.9 -45029.9 -45029.9 -45029.9 -45029.9 -45029.9 -45029.9 -45029.9 -45029.9 -45029.9 -45029.9 -45029.9 -45029.9 -45029.9 -45029.9 -45029.9 -45029.9 -45029.9 -45029.9 -45029.9 -45029.9 -45029.9 -45029.9 -45029.9 -45029.9 -45029.9 -45029.9 -45029.9 -45029.9 -45029.9 -45029.9 -45029.9 -45029.9 -45029.9 -45029.9 -45029.9 -45029.9 -45029.9 -45029.9 -45029.9 -45029.9 -45029.9 -45029.9 -45029.9 -45029.9 -45029.9 -45029.9 -45029.9 -45029.9 -45029.9 -45029.9 -45029.9 -45029.9 -45029.9 -45029.9 -45029.9 -45029.9 -45029.9 -45029.9 -45029.9 -45029.9 -45029.9 -45029.9 -45029.9 -45029.9 -45029.9 -45029.9 -45029.9 -45029.9 -45029.9 -45029.9 -45029.9 -45029.9 -45029.9 -45029.9 -45029.9 -45029.9 -45029.9 -45029.9 -45029.9 -45029.9 -45029.9 -45029.9 -45029.9 -45029.9 -45029.9 -45029.9 -45029.9 -45029.9 -45029.9 -45029.9 -45029.9 -45029.9 -45029.9 -45029.9 -45029.9 -45029.9 -45029.9 -45029.9 -45029.9 -45029.9 -45029.9 -45029.9 -45029.9 -45029.9 -45029.9 -45029.9 -45029.9 -45029.9 -45029.9 -45029.9 -45029.9 -45029.9 -45029.9 -45029.9 -45029.9 -45029.9 -45029.9 -45029.9 -45029.9 -45029.9 -45029.9 -45029.9 -45029.9 -45029.9 -45029.9 -45029.9 -45029.9 -45029.9 -45029.9 -45029.9 -45029.9 -45029.9 -45029.9 -45029.9 -45029.9 -45029.9 -45029.9 -45029.9 -45029.9 -45029.9 -45029.9 -45029.9 -45029.9 -45029.9 -45029.9 -45029.9 -45029.9 -45029.9 -45029.9 -45029.9 -45029.9 -45029.9 -45029.9 -45029.9 -45029.9 -45029.9 -45029.9 -45029.9 -45029.9 -45029.9 -45029.9 -45029.9 -45029.9 -45029.9 -45029.9 -45029.9 -45029.9 -45029.9 -45029.9 -45029.9 -45029.9 -45029.9 -45029.9 -45029.9 -45029.9 -45029.9 -45029.9 -45029.9 -45029.9 -45029.9 -45029.9 -45029.9 -45029.9 -45029.9 -45029.9 -45029.9 -45029.9 -45029.9 -45029.9 -45029.9 -45029.9 -45029.9 -45029.9 -45029.9 -45029.9 -45029.9 -45029.9 -45029.9 -45029.9 -45029.9 -45029.9 -45029.9 -45029.9 -45029.9 -45029.9 -45029.9 -45029.9 -45029.9 -45029.9 -45029.9 -45029.9 -45029.9 -45029.9 -45029.9 -45029.9 -45029.9 -45029.9 -45029.9 -45029.9 -45029.9 -45029.9 -45029.9 -45029.9 -45029.9 -45029.9 -45029.9 -45029.9 -45029.9 -45029.9 -45029.9 -45029.9 -45029.9 -45029.9 -45029.9 -45029.9 -45029.9 -45029.9 -45029.9 -45029.9 -45029.9 -45029.9 -45029.9 -45029.9 -45029.9 -45029.9 -45029.9 -45029.9 -45029.9 -45029.9 -45029.9 -45029.9 -45029.9 -45029.9 -45029.9 -45029.9 -45029.9 -45029.9 -45029.9 -45029.9 -45029.9 -45029.9 -45029.9 -45029.9 -45029.9 -45029.9 -45029.9 -45029.9 -45029.9 -45029.9 -45029.9 -45029.9 -45029.9 -45029.9 -45029.9 -45029.9 -45029.9 -45029.9 -45029.9 -45029.9 -45029.9 -45029.9 -45029.9 -45029.9 -45029.9 -45029.9 -45029.9 -45029.9 -45029.9 -45029.9 -45029.9 -45029.9 -45029.9 -45029.9 -45029.9 -45029.9 -45029.9 -45029.9 -45029.9 -45029.9 -45029.9 -45029.9 -45029.9 -45029.9 -45029.9 -45029.9 -45029.9 -45029.9 -45029.9 -45029.9 -45029.9 -45029.9 -45029.9 -45029.9 -45029.9 -45029.9 -45029.9 -45029.9 -45029.9 -45029.9 -45029.9 -45029.9 -45029.9 -45029.9 -45029.9 -45029.9 -45029.9 -45029.9 -45029.9 -45029.9 -45029.9 -45029.9 -45029.9 -45029.9 -45029.9 -45029.9 -45029.9 -45029.9 -45029.9 -45029.9 -45029.9 -45029.9 -45029.9 -45029.9 -45029.9 -45029.9 -45029.9 -45029.9 -45029.9 -45029.9 -45029.9 -45029.9 -45029.9 -45029.9 -45029.9 -45029.9 -45029.9 -45029.9 -45029.9 -45029.9 -45029.9 -45029.9 -45029.9 -45029.9 -45029.9 -45029.9 -45029.9 -45029.9 -45029.9 -45029.9 -45029.9 -45029.9 -45029.9 -45029.9 -45029.9 -45029.9 -45029.9 -45029.9 -45029.9 -45029.9 -45029.9 -45029.9 -45029.9 -45029.9 -45029.9 -45029.9 -45029.9 -45029.9 -45029.9 -45029.9 -45029.9 -45029.9 -45029.9 -45029.9 -45029.9 -45029.9 -45029.9 -45029.9 -45029.9 -45029.9 -45029.9 -45029.9 -45029.9 -45029.9 -45029.9 -45029.9 -45029.9 -45029.9 -45029.9 -45029.9 -45029.9 -45029.9 -45029.9 -45029.9 -45029.9 -45029.9 -45029.9 -45029.9 -45029.9 -45029.9 -45029.9 -45029.9 -45029.9 -45029.9 -45029.9 -45029.9 -45029.9 -45029.9 -45029.9 -45029.9 -45029.9 -45029.9 -45029.9 -45029.9 -45029.9 -45029.9 -45029.9 -45029.9 -45029.9 -45029.9 -45029.9 -45029.9 -45029.9 -45029.9 -45029.9 -45029.9 -45029.9 -45029.9 -45029.9 -45029.9 -45029.9 -45029.9 -45029.9 -45029.9 -45029.9 -45029.9 -45029.9 -45029.9 -45029.9 -45029.9 -45029.9 -45029.9 -45029.9 -45029.9 -45029.9 -45029.9 -45029.9 -45029.9 -45029.9 -45029.9 -45029.9 -45029.9 -45029.9 -45029.9 -45029.9 -45029.9 -45029.9 -45029.9 -45029.9 -45029.9 -45029.9 -45029.9 -45029.9 -45029.9 -45029.9 -45029.9 -45029.9 -45029.9 -45029.9 -45029.9 -45029.9 -45029.9 -45029.9 -45029.9 -45029.9 -45029.9 -45029.9 -45029.9 -45029.9 -45029.9 -45029.9 -45029.9 -45029.9 -45029.9 -45029.9 -45029.9 -45029.9 -45029.9 -45029.9 -45029.9 -45029.9 -45029.9 -45029.9 -45029.9 -45029.9 -45029.9 -45029.9 -45029.9 -45029.9 -45029.9 -45029.9 -45029.9 -45029.9 -45029.9 -45029.9 -45029.9 -45029.9 -45029.9 -45029.9 -45029.9 -45029.9 -45029.9 -45029.9 -45029.9 -45029.9 -45029.9 -45029.9 -45029.9 -45029.9 -45029.9 -45029.9 -45029.9 -45029.9 -45029.9 -45029.9 -45029.9 -45029.9 -45029.9 -45029.9 -45029.9 -45029.9 -45029.9 -45029.9 -45029.9 -45029.9 -45029.9 -45029.9 -45029.9 -45029.9 -45029.9 -45029.9 -45029.9 -45029.9 -45029.9 -45029.9 -45029.9 -45029.9 -45029.9 -45029.9 -45029.9 -45029.9 -45029.9 -45029.9 -45029.9 -45029.9 -45029.9 -45029.9 -45029.9 -45029.9 -45029.9 -45029.9 -45029.9 -45029.9 -45029.9 -45029.9 -45029.9 -45029.9 -45029.9 -45029.9 -45029.9 -45029.9 -45029.9 -45029.9 -45029.9 -45029.9 -45029.9 -45029.9 -45029.9 -45029.9 -45029.9 -45029.9 -45029.9 -45029.9 -45029.9 -45029.9 -45029.9 -45029.9 -45029.9 -45029.9 -45029.9 -45029.9 -45029.9 -45029.9 -45029.9 -45029.9 -45029.9 -45029.9 -45029.9 -45029.9 -45029.9 -45029.9 -45029.9 -45029.9 -45029.9 -45029.9 -45029.9 -45029.9 -45029.9 -45029.9 -45029.9 -45029.9 -45029.9 -45029.9 -45029.9 -45029.9 -45029.9 -45029.9 -45029.9 -45029.9 -45029.9 -45029.9 -45029.9 -45029.9 -45029.9 -45029.9 -45029.9 -45029.9 -45029.9 -45029.9 -45029.9 -45029.9 -45029.9 -45029.9 -45029.9 -45029.9 -45029.9 -45029.9 -45029.9 -45029.9 -45029.9 -45029.9 -45029.9 -45029.9 -45029.9 -45029.9 -45029.9 -45029.9 -45029.9 -45029.9 -45029.9 -45029.9 -45029.9 -45029.9 -45029.9 -45029.9 -45029.9 -45029.9 -45029.9 -45029.9 -45029.9 -45029.9 -45029.9 -45029.9 -45029.9 -45029.9 -45029.9 -45029.9 -45029.9 -45029.9 -45029.9 -45029.9 -45029.9 -45029.9 -45029.9 -45029.9 -45029.9 -45029.9 -45029.9 -45029.9 -45029.9 -45029.9 -45029.9 -45029.9 -45029.9 -45029.9 -45029.9 -45029.9 -45029.9 -45029.9 -45029.9 -45029.9 -47505.5 -50083.7 -51351.6 -52648.5 -55305.6 -56271.4 -56271.4 -56832.7 -57624.0 -58473.8 -58473.8 -58473.8 -58473.8 -58473.8 -58473.8 -58473.8 -58473.8 -58473.8 -58473.8 -58473.8 -58473.8 -58473.8 -58473.8 -58473.8 -58473.8 -58473.8 -58473.8 -58473.8 -58473.8 -58473.8 -58473.8 -58473.8 -58473.8 -58617.9 -58771.9 -58882.0 -58964.0 -59039.5 -59113.1 -59124.7 -59167.9 -59167.9 -59167.9 -59167.9 -59167.9 -59167.9 -59167.9 -59167.9 -59167.9 -59167.9 -59167.9 -59167.9 -59167.9 -59167.9 -59167.9 -59168.0 -59210.2 -59210.2 -59210.2 -59210.2 -59230.6 -59237.3 -59254.0 -59260.3 -59311.5 -59311.5 -59311.5 -59311.5 -59311.5 -59311.5 -59311.5 -59311.5 -59326.1 -59326.1 -59326.1 -59326.1 -59341.5 -59341.5 -59341.5 -59343.8 -59352.3 -59352.3 -59352.3 -59359.6 -59359.6 -59359.6 -59365.8 -59365.8 -59365.8 -59365.8 -59372.4 -59372.4 -59372.4 -59372.4 -59372.4 -59378.7 -59378.7 -59378.7 -59378.7 -59378.7 -59378.7 -59378.7 -59379.7 -59379.7 -59379.7 -59379.7 -59388.3 -59390.2 -59390.2 -59406.0 -59406.0 -59406.0 -59406.9 -59406.9 -59406.9 -59414.9 -59414.9 -59414.9 -59414.9 -59414.9 -59414.9 -59414.9 -59414.9 -59423.6 -59423.6 -59423.6 -59423.6 -59423.6 -59423.6 -59434.2 -59434.2 -59434.2 -59434.2 -59434.2 -59440.3 -59440.3 -59440.3 -59440.3 -59440.3 -59446.3 -59448.9 -59448.9 -59448.9 -59448.9 -59448.9 -59456.0 -59456.0 -59456.0 -59456.0 -59456.0 -59456.0 -59456.0 -59456.0 -59456.0 -59456.0 -59456.0 -59456.0 -59456.0 -59456.0 -59456.0 -59456.0 -59456.0 -59456.0 -59456.0 -59456.0 -59456.0 -59456.0 -59456.0 -59456.0 -59456.0 -59456.0 -59456.0 -59456.0 -59456.0 -59456.0 -59456.0 -59456.0 -59456.0 -59456.0 -59456.0 -59456.0 -59456.0 -59456.0 -59456.0 -59456.0 -59456.0 -59456.0 -59456.0 -59456.0 -59456.0 -59456.0 -59456.0 -59456.0 -59456.0 -59456.0 -59456.0 -59456.0 -59456.0 -59456.0 -59456.0 -59456.0 -59456.0 -59456.0 -59456.0 -59456.0 -59456.0 -59456.0 -59456.0 -59456.0 -59456.0 -59456.0 -59456.0 -59456.0 -59456.0 -59456.0 -59456.0 -59456.0 -59456.0 -59456.0 -59456.0 -59456.0 -59456.0 -59456.0 -59456.0 -59456.0 -59456.0 -59456.0 -59456.0 -59456.0 -59456.0 -59456.0 -59456.0 -59456.0 -59456.0 -59456.0 -59456.0 -59456.0 -59456.0 -59456.0 -59456.0 -59456.0 -59456.0 -59456.0 -59456.0 -59456.0 -59456.0 -59456.0 -59456.0 -59456.0 -59456.0 -59456.0 -59456.0 -59456.0 -59456.0 -59456.0 -59456.0 -59456.0 -59456.0 -59456.0 -59456.0 -59456.0 -59456.0 -59456.0 -59456.0 -59456.0 -59456.0 -59456.0 -59456.0 -59456.0 -59456.0 -59456.0 -59456.0 -59456.0 -59456.0 -59456.0 -59456.0 -59456.0 -59456.0 -59456.0 -59456.0 -59456.0 -59456.0 -59456.0 -59456.0 -59456.0 -59456.0 -59456.0 -59456.0 -59456.0 -59456.0 -59456.0 -59456.0 -59456.0 -59456.0 -59456.0 -59456.0 -59456.0 -59456.0 -59456.0 -59456.0 -59456.0 -59456.0 -59456.0 -59456.0 -59456.0 -59456.0 -59456.0 -59456.0 -59456.0 -59456.0 -59456.0 -59456.0 -59456.0 -59456.0 -59456.0 -59456.0 -59456.0 -59456.0 -59456.0 -59456.0 -59456.0 -59456.0 -59456.0 -59456.0 -59456.0 -59456.0 -59456.0 -59456.0 -59456.0 -59456.0 -59456.0 -59456.0 -59456.0 -59456.0 -59456.0 -59456.0 -59456.0 -59456.0 -59456.0 -59456.0 -59456.0 -59456.0 -59456.0 -59456.0 -59456.0 -59456.0 -59456.0 -59456.0 -59456.0 -59456.0 -59456.0 -59456.0 -59456.0 -59456.0 -59456.0 -59456.0 -59456.0 -59456.0 -59456.0 -59456.0 -59456.0 -59456.0 -59456.0 -59456.0 -59456.0 -59456.0 -59456.0 -59456.0 -59456.0 -59456.0 -59456.0 -59456.0 -59456.0 -59456.0 -59456.0 -59456.0 -59456.0 -59456.0 -59456.0 -59456.0 -59456.0 -59456.0 -59456.0 -59456.0 -59456.0 -59456.0 -59456.0 -59456.0 -59456.0 -59456.0 -59456.0 -59456.0 -59456.0 -59456.0 -59456.0 -59456.0 -59456.0 -59456.0 -59456.0 -59456.0 -59456.0 -59456.0 -59456.0 -59456.0 -59456.0 -59456.0 -59456.0 -59456.0 -59456.0 -59456.0 -59456.0 -59456.0 -59456.0 -59456.0 -59456.0 -59456.0 -59456.0 -59456.0 -59456.0 -59456.0 -59456.0 -59456.0 -59456.0 -59456.0 -59456.0 -59456.0 -59456.0 -59456.0 -59456.0 -59456.0 -59456.0 -59456.0 -59456.0 -59456.0 -59456.0 -59456.0 -59456.0 -59456.0 -59456.0 -59456.0 -59456.0 -59456.0 -59456.0 -59456.0 -59456.0 -59456.0 -59456.0 -59456.0 -59456.0 -59456.0 -59456.0 -59456.0 -59456.0 -59456.0 -59456.0 -59456.0 -59456.0 -59456.0 -59456.0 -59456.0 -59456.0 -59456.0 -59456.0 -59456.0 -59456.0 -59456.0 -59456.0 -59456.0 -59456.0 -59456.0 -59456.0 -59456.0 -59456.0 -59456.0 -59456.0 -59456.0 -59456.0 -59456.0 -59456.0 -59456.0 -59456.0 -59456.0 -59456.0 -59456.0 -59456.0 -59456.0 -59456.0 -59456.0 -59456.0 -59456.0 -59456.0 -59456.0 -59456.0 -59456.0 -59456.0 -59456.0 -59456.0 -59456.0 -59456.0 -59456.0 -59456.0 -59456.0 -59456.0 -59456.0 -59456.0 -59456.0 -59456.0 -59456.0 -59456.0 -59456.0 -59456.0 -59456.0 -59456.0 -59456.0 -59456.0 -59456.0 -59456.0 -59456.0 -59456.0 -59456.0 -59456.0 -59456.0 -59456.0 -59456.0 -59456.0 -59456.0 -59456.0 -59456.0 -59456.0 -59456.0 -59456.0 -59456.0 -59456.0 -59456.0 -59456.0 -59456.0 -59456.0 -59456.0 -59456.0 -59456.0 -59456.0 -59456.0 -59456.0 -59456.0 -59456.0 -59456.0 -59456.0 -59456.0 -59456.0 -59456.0 -59456.0 -59456.0 -59456.0 -59456.0 -59456.0 -59456.0 -59456.0 -59456.0 -59456.0 -59456.0 -59456.0 -59456.0 -59456.0 -59456.0 -59456.0 -59456.0 -59456.0 -59456.0 -59456.0 -59456.0 -59456.0 -59456.0 -59456.0 -59456.0 -59456.0 -59456.0 -59456.0 -59456.0 -59456.0 -59456.0 -59456.0 -59456.0 -59456.0 -59456.0 -59456.0 -59456.0 -59456.0 -59456.0 -59456.0 -59456.0 -59456.0 -59456.0 -59456.0 -59456.0 -59456.0 -59456.0 -59456.0 -59456.0 -59456.0 -59456.0 -59456.0 -59456.0 -59456.0 -59456.0 -59456.0 -59456.0 -59456.0 -59456.0 -59456.0 -59456.0 -59456.0 -59456.0 -59456.0 -59456.0 -59456.0 -59456.0 -59456.0 -59456.0 -59456.0 -59456.0 -59456.0 -59456.0 -59456.0 -59456.0 -59456.0 -59456.0 -59456.0 -59456.0 -59456.0 -59456.0 -59456.0 -59456.0 -59456.0 -59456.0 -59456.0 -59456.0 -59456.0 -59456.0 -59456.0 -59456.0 -59456.0 -59456.0 -59456.0 -59456.0 -59456.0 -59456.0 -59456.0 -59456.0 -59456.0 -59456.0 -59456.0 -59456.0 -59456.0 -59456.0 -59456.0 -59456.0 -59456.0 -59456.0 -59456.0 -59456.0 -59456.0 -59456.0 -59456.0 -59456.0 -59456.0 -59456.0 -59456.0 -59456.0 -59456.0 -59456.0 -59456.0 -59456.0 -59456.0 -59456.0 -59456.0 -59456.0 -59456.0 -59456.0 -59456.0 -59456.0 -59456.0 -59456.0 -59456.0 -59456.0 -59456.0 -59456.0 -59456.0 -59456.0 -59456.0 -59456.0 -59456.0 -59456.0 -59456.0 -59456.0 -59456.0 -59456.0 -59456.0 -59456.0 -59456.0 -59456.0 -59456.0 -59456.0 -59456.0 -59456.0 -59456.0 -59456.0 -59456.0 -59456.0 -59456.0 -59456.0 -59456.0 -59456.0 -59456.0 -59456.0 -59456.0 -59456.0 -59456.0 -59456.0 -59456.0 -59456.0 -59456.0 -59456.0 -59456.0 -59456.0 -59456.0 -59456.0 -59456.0 -59456.0 -59456.0 -59456.0 -59456.0 -59456.0 -59456.0 -59456.0 -59456.0 -59456.0 -59456.0 -59456.0 -59456.0 -59456.0 -59456.0 -59456.0 -59456.0 -59456.0 -59456.0 -59456.0 -59456.0 -59456.0 -59456.0 -59456.0 -59456.0 -59456.0 -59456.0 -59456.0 -59456.0 -59456.0 -59456.0 -59456.0 -59456.0 -59456.0 -59456.0 -59456.0 -59456.0 -59456.0 -59456.0 -59456.0 -59456.0 -59456.0 -59456.0 -59456.0 -59456.0 -59456.0 -59456.0 -59456.0 -59456.0 -59456.0 -59456.0 -59456.0 -59456.0 -59456.0 -59456.0 -59456.0 -59456.0 -59456.0 -59456.0 -59456.0 -59456.0 -59456.0 -59456.0 -59456.0 -59456.0 -59456.0 -59456.0 -59456.0 -59456.0 -59456.0 -59456.0 -59456.0 -59456.0 -59456.0 -59456.0 -59456.0 -59456.0 -59456.0 -59456.0 -59456.0 -59456.0 -59456.0 -59456.0 -59456.0 -59456.0 -59456.0 -59456.0 -59456.0 -59456.0 -59456.0 -59456.0 -59456.0 -59456.0 -59456.0 -59456.0 -59456.0 -59456.0 -59456.0 -59456.0 -59456.0 -59456.0 -59456.0 -59456.0 -59456.0 -59456.0 -59456.0 -59456.0 -59456.0 -59456.0 -59456.0 -59456.0 -59456.0 -59456.0 -59456.0 -59456.0 -59456.0 -59456.0 -59456.0 -59456.0 -59456.0 -59456.0 -59456.0 -59456.0 -59456.0 -59456.0 -59456.0 -59456.0 -59456.0 -59456.0 -59456.0 -59456.0 -59456.0 -59456.0 -59456.0 -59456.0 -59456.0 -59456.0 -59456.0 -59456.0 -59456.0 -59456.0 -59456.0 -59456.0 -59456.0 -59456.0 -59456.0 -59456.0 -59456.0 -59456.0 -59456.0 -59456.0 -59456.0 -59456.0 -59456.0 -59456.0 -59456.0 -59456.0 -59456.0 -59456.0 -59456.0 -59456.0 -59456.0 -59456.0 -59456.0 -59456.0 -59456.0 -59456.0 -59456.0 -59456.0 -59456.0 -59456.0 -59456.0 -59456.0 -59456.0 -59456.0 -59456.0 -59456.0 -59456.0 -59456.0 -59456.0 -59456.0 -59456.0 -59456.0 -59456.0 -59456.0 -59456.0 -59456.0 -59456.0 -59456.0 -59456.0 -59456.0 -59456.0 -59456.0 -59456.0 -59456.0 -59456.0 -59456.0 -59456.0 -59456.0 -59456.0 -59456.0 -59456.0 -59456.0 -59456.0 -59456.0 -59456.0 -59456.0 -59456.0 -59456.0 -59456.0 -59456.0 -59456.0 -59456.0 -59456.0 -59456.0 -59456.0 -59456.0 -59456.0 -59456.0 -59456.0 -59456.0 -59456.0 -59456.0 -59456.0 -59456.0 -59456.0 -59456.0 -59456.0 -59456.0 -59456.0 -59456.0 -59456.0 -59456.0 -59456.0 -59456.0 -59456.0 -59456.0 -59456.0 -59456.0 -59456.0 -59456.0 -59456.0 -59456.0 -59456.0 -59456.0 -59456.0 -59456.0 -59456.0 -59456.0 -59456.0 -59456.0 -59456.0 -59456.0 -59456.0 -59456.0 -59456.0 -59456.0 -59456.0 -59456.0 -59456.0 -59456.0 -59456.0 -59456.0 -59456.0 -59456.0 -59456.0 -59456.0 -59456.0 -59456.0 -59456.0 -59456.0 -59456.0 -59456.0 -59456.0 -59456.0 -59456.0 -59456.0 -59456.0 -59456.0 -59456.0 -59456.0 -59456.0 -59456.0 -59456.0 -59456.0 -59456.0 -59456.0 -59456.0 -59456.0 -59456.0 -59456.0 -59456.0 -59456.0 -59456.0 -59456.0 -59456.0 -59456.0 -59456.0 -59456.0 -59456.0 -59456.0 -59456.0 -59456.0 -59456.0 -59456.0 -59456.0 -59456.0 -59456.0 -59456.0 -59456.0 -59456.0 -59456.0 -59456.0 -59456.0 -59456.0 -59456.0 -59456.0 -59456.0 -59456.0 -59456.0 -59456.0 -59456.0 -59456.0 -59456.0 -59456.0 -59456.0 -59456.0 -59456.0 -59456.0 -59456.0 -59456.0 -59456.0 -59456.0 -59456.0 -59456.0 -59456.0 -59456.0 -59456.0 -59456.0 -59456.0 -59456.0 -59456.0 -59456.0 -59456.0 -59456.0 -59456.0 -59456.0 -59456.0 -59456.0 -59456.0 -59456.0 -59456.0 -59456.0 -59456.0 -59456.0 -59456.0 -59456.0 -59456.0 -59456.0 -59456.0 -59456.0 -59456.0 -59456.0 -59456.0 -59456.0 -59456.0 -59456.0 -59456.0 -59456.0 -59456.0 -59456.0 -59456.0 -59456.0 -59456.0 -59456.0 -59456.0 -59456.0 -59456.0 -59456.0 -59456.0 -59456.0 -59456.0 -59456.0 -59456.0 -59456.0 -59456.0 -59456.0 -59456.0 -59456.0 -59456.0 -59456.0 -59456.0 -59456.0 -59456.0 -59456.0 -59456.0 -59456.0 -59456.0 -59456.0 -59456.0 -59456.0 -59456.0 -59456.0 -59456.0 -59456.0 -59456.0 -59456.0 -59456.0 -59456.0 -59456.0 -59456.0 -59456.0 -59456.0 -59456.0 -59456.0 -59456.0 -59456.0 -59456.0 -59456.0 -59456.0 -59456.0 -59456.0 -59456.0 -59456.0 -59456.0 -59456.0 -59456.0 -59456.0 -59456.0 -59456.0 -59456.0 -59456.0 -59456.0 -59456.0 -59456.0 -59456.0 -59456.0 -59456.0 -59456.0 -59456.0 -59456.0 -59456.0 -59456.0 -59456.0 -59456.0 -59456.0 -59456.0 -59456.0 -59456.0 -59456.0 -59456.0 -59456.0 -59456.0 -59456.0 -59456.0 -59456.0 -59456.0 -59456.0 -59456.0 -59456.0 -59456.0 -59456.0 -59456.0 -59456.0 -59456.0 -59456.0 -59456.0 -59456.0 -59456.0 -59456.0 -59456.0 -59456.0 -59456.0 -59456.0 -59456.0 -59456.0 -59456.0 -59456.0 -59456.0 -59456.0 -59456.0 -59456.0 -59456.0 -59456.0 -59456.0 -59456.0 -59456.0 -59456.0 -59456.0 -59456.0 -59456.0 -59456.0 -59456.0 -59456.0 -59456.0 -59456.0 -59456.0 -59456.0 -59456.0 -59456.0 -59456.0 -59456.0 -59456.0 -59456.0 -59456.0 -59456.0 -59456.0 -59456.0 -59456.0 -59456.0 -59456.0 -59456.0 -59456.0 -59456.0 -59456.0 -59456.0 -59456.0 -59456.0 -59456.0 -59456.0 -59456.0 -59456.0 -59456.0 -59456.0 -59456.0 -59456.0 -59456.0 -59456.0 -59456.0 -59456.0 -59456.0 -59456.0 -59456.0 -59456.0 -59456.0 -59456.0 -59456.0 -59456.0 -59456.0 -59456.0 -59456.0 -59456.0 -59456.0 -59456.0 -59456.0 -59456.0 -59456.0 -59456.0 -59456.0 -59456.0 -59456.0 -59456.0 -59456.0 -59456.0 -59456.0 -59456.0 -59456.0 -59456.0 -59456.0 -59456.0 -59456.0 -59456.0 -59456.0 -59456.0 -59456.0 -59456.0 -59456.0 -59456.0 -59456.0 -59456.0 -59456.0 -59456.0 -59456.0 -59456.0 -59456.0 -59456.0 -59456.0 -59456.0 -59456.0 -59456.0 -59456.0 -59456.0 -59456.0 -59456.0 -59456.0 -59456.0 -59456.0 -59456.0 -59456.0 -59456.0 -59456.0 -59456.0 -59456.0 -59456.0 -59456.0 -59456.0 -59456.0 -59456.0 -59456.0 -59456.0 -59456.0 -59456.0 -59456.0 -59456.0 -59456.0 -59456.0 -59456.0 -59456.0 -59456.0 -59456.0 -59456.0 -59456.0 -59456.0 -59456.0 -59456.0 -59456.0 -59456.0 -59456.0 -59456.0 -59456.0 -59456.0 -59456.0 -59456.0 -59456.0 -59456.0 -59456.0 -59456.0 -59456.0 -59456.0 -59456.0 -59456.0 -59456.0 -59456.0 -59456.0 -59456.0 -59456.0 -59456.0 -59456.0 -59456.0 -59456.0 -59456.0 -59456.0 -59456.0 -59456.0 -59456.0 -59456.0 -59456.0 -59456.0 -59456.0 -59456.0 -59456.0 -59456.0 -59456.0 -59456.0 -59456.0 -59456.0 -59456.0 -59456.0 -59456.0 -59456.0 -59456.0 -59456.0 -59456.0 -59456.0 -59456.0 -59456.0 -59456.0 -59456.0 -59456.0 -59456.0 -59456.0 -59456.0 -59456.0 -59456.0 -59456.0 -59456.0 -59456.0 -59456.0 -59456.0 -59456.0 -59456.0 -59456.0 -59456.0 -59456.0 -59456.0 -59456.0 -59456.0 -59456.0 -59456.0 -59456.0 -59456.0 -59456.0 -59456.0 -59456.0 -59456.0 -59456.0 -59456.0 -59456.0 -59456.0 -59456.0 -59456.0 -59456.0 -59456.0 -59456.0 -59456.0 -59456.0 -59456.0 -59456.0 -59456.0 -59456.0 -59456.0 -59456.0 -59456.0 -59456.0 -59456.0 -59456.0 -59456.0 -59456.0 -59456.0 -59456.0 -59456.0 -59456.0 -59456.0 -59456.0 -59456.0 -59456.0 -59456.0 -59456.0 -59456.0 -59456.0 -59456.0 -59456.0 -59456.0 -59456.0 -59456.0 -59456.0 -59456.0 -59456.0 -59456.0 -59456.0 -59456.0 -59456.0 -59456.0 -59456.0 -59456.0 -59456.0 -59456.0 -59456.0 -59456.0 -59456.0 -59456.0 -59456.0 -59456.0 -59456.0 -59456.0 -59456.0 -59456.0 -59456.0 -59456.0 -59456.0 -59456.0 -59456.0 -59456.0 -59456.0 -59456.0 -59456.0 -59456.0 -59456.0 -59456.0 -59456.0 -59456.0 -59456.0 -59456.0 -59456.0 -59456.0 -59456.0 -59456.0 -59456.0 -59456.0 -59456.0 -59456.0 -59456.0 -59456.0 -59456.0 -59456.0 -59456.0 -59456.0 -59456.0 -59456.0 -59456.0 -59456.0 -59456.0 -59456.0 -59456.0 -59456.0 -59456.0 -59456.0 -59456.0 -59456.0 -59456.0 -59456.0 -59456.0 -59456.0 -59456.0 -59456.0 -59456.0 -59456.0 -59456.0 -59456.0 -59456.0 -59456.0 -59456.0 -59456.0 -59456.0 -59456.0 -59456.0 -59456.0 -59456.0 -59456.0 -59456.0 -59456.0 -59456.0 -59456.0 -59456.0 -59456.0 -59456.0 -59456.0 -59456.0 -59456.0 -59456.0 -59456.0 -59456.0 -59456.0 -59456.0 -59456.0 -59456.0 -59456.0 -59456.0 -59456.0 -59456.0 -59456.0 -59456.0 -59456.0 -59456.0 -59456.0 -59456.0 -59456.0 -59456.0 -59456.0 -59456.0 -59456.0 -59456.0 -59456.0 -59456.0 -59456.0 -59456.0 -59456.0 -59456.0 -59456.0 -59456.0 -59456.0 -59456.0 -59456.0 -59456.0 -59456.0 -59456.0 -59456.0 -59456.0 -59456.0 -59456.0 -59456.0 -59456.0 -59456.0 -59456.0 -59456.0 -59456.0 -59456.0 -59456.0 -59456.0 -59456.0 -59456.0 -59456.0 -59456.0 -59456.0 -59456.0 -59456.0 -59456.0 -59456.0 -59456.0 -59456.0 -59456.0 -59456.0 -59456.0 -59456.0 -59456.0 -59456.0 -59456.0 -59456.0 -59456.0 -59456.0 -59456.0 -59456.0 -59456.0 -59456.0 -59456.0 -59456.0 -59456.0 -59456.0 -59456.0 -59456.0 -59456.0 -59456.0 -59456.0 -59456.0 -59456.0 -59456.0 -59456.0 -59456.0 -59456.0 -59456.0 -59456.0 -59456.0 -59456.0 -59456.0 -59456.0 -59456.0 -59456.0 -59456.0 -59456.0 -59456.0 -59456.0 -59456.0 -59456.0 -59456.0 -59456.0 -59456.0 -59456.0 -59456.0 -59456.0 -59456.0 -59456.0 -59456.0 -59456.0 -59456.0 -59456.0 -59456.0 -59456.0 -59456.0 -59456.0 -59456.0 -59456.0 -59456.0 -59456.0 -59456.0 -59456.0 -59456.0 -59456.0 -59456.0 -59456.0 -59456.0 -59456.0 -59456.0 -59456.0 -59456.0 -59456.0 -59456.0 -59456.0 -59456.0 -59456.0 -59456.0 -59456.0 -59456.0 -59456.0 -59456.0 -59456.0 -59456.0 -59456.0 -59456.0 -59456.0 -59456.0 -59456.0 -59456.0 -59456.0 -59456.0 -59456.0 -59456.0 -59456.0 -59456.0 -59456.0 -59456.0 -59456.0 -59456.0 -59456.0 -59456.0 -59456.0 -59456.0 -59456.0 -59456.0 -59456.0 -59456.0 -59456.0 -59456.0 -59456.0 -59456.0 -59456.0 -59456.0 -59456.0 -59456.0 -59456.0 -59456.0 -59456.0 -59456.0 -59456.0 -59456.0 -59456.0 -59456.0 -59456.0 -59456.0 -59456.0 -59456.0 -59456.0 -59456.0 -59456.0 -59456.0 -59456.0 -59456.0 -59456.0 -59456.0 -59456.0 -59456.0 -59456.0 -59456.0 -59456.0 -59456.0 -59456.0 -59456.0 -59456.0 -59456.0 -59456.0 -59456.0 -59456.0 -59456.0 -59456.0 -59456.0 -59456.0 -59456.0 -59456.0 -59456.0 -59456.0 -59456.0 -59456.0 -59456.0 -59456.0 -59456.0 -59456.0 -59456.0 -59456.0 -59456.0 -59456.0 -59456.0 -59456.0 -59456.0 -59456.0 -59456.0 -59456.0 -59456.0 -59456.0 -59456.0 -59456.0 -59456.0 -59456.0 -59456.0 -59456.0 -59456.0 -59456.0 -59456.0 -59456.0 -59456.0 -59456.0 -59456.0 -59456.0 -59456.0 -59456.0 -59456.0 -59456.0 -59456.0 -59456.0 -59456.0 -59456.0 -59456.0 -59456.0 -59456.0 -59456.0 -59456.0 -59456.0 -59456.0 -59456.0 -59456.0 -59456.0 -59456.0 -59456.0 -59456.0 -59456.0 -59456.0 -59456.0 -59456.0 -59456.0 -59456.0 -59456.0 -59456.0 -59456.0 -59456.0 -59456.0 -59456.0 -59456.0 -59456.0 -59456.0 -59456.0 -59456.0 -59456.0

================ RESULT ================
rule               : prodigy  (mesh=knn)
n_starts/steps/batch: 16/3000/4  resurrect=True
log_det=cholesky  fix_reg=free  reg=mesh-default
wall_s             : 2.8
max log likelihood : 29723.900
einstein_radius    : 1.5990   (truth 1.6, Nautilus mode 1.011)
in truth basin     : True   (slack tol — converged-sampler logL is the real bar)
bar (Nautilus)     : 5704.2
bar (truth-point)  : 28791.5   (upper reference)
steps to bar       : 92
total_steps        : 3000
n_resurrections    : 265
stop_reason        : max_steps
=======================================

fom_history (best -2logP per step): 316373.9 316373.9 316373.9 316373.9 316373.9 316373.9 316373.9 316373.9 316373.9 316373.9 316373.8 316373.7 316373.6 316373.5 316373.2 316372.8 314384.5 314384.3 314384.0 314383.8 314383.4 314382.9 314382.0 314380.6 314379.0 314375.9 314373.0 314364.4 314354.7 314343.2 314324.8 314295.1 314252.5 313947.6 313611.2 313286.6 312135.4 310333.6 307440.5 306614.2 306614.2 149756.4 149755.6 149754.8 149754.8 149754.5 149754.5 149754.5 149754.5 149754.5 149754.5 149754.5 149745.4 149717.0 149691.7 149618.5 149560.7 149485.2 149341.8 149127.7 148905.0 148380.9 147628.5 146761.3 145908.4 144072.6 142525.9 140293.8 136753.6 133803.0 131527.0 129373.4 127116.4 125071.4 125071.4 121014.3 116668.3 113601.8 106583.0 106583.0 95382.9 92645.1 92645.1 90166.4 66349.1 15128.1 15128.1 15128.1 15128.1 9233.4 3958.6 -5077.9 -20033.5 -20033.5 -20033.5 -24308.7 -24308.7 -24308.7 -24308.7 -31807.7 -31807.7 -31807.7 -31807.7 -31807.7 -32916.4 -32916.4 -32916.4 -32916.4 -35865.5 -35865.5 -38143.5 -38143.5 -38923.7 -39407.4 -39407.4 -39407.4 -39407.4 -39407.4 -39407.4 -39407.4 -39407.4 -39407.4 -39407.4 -39407.4 -39437.2 -39437.2 -39666.2 -39666.2 -39666.2 -40566.7 -41002.2 -41002.2 -41002.2 -41002.2 -41002.2 -41002.2 -41002.2 -41002.2 -41002.2 -41002.2 -41002.2 -41002.2 -41002.2 -41002.2 -41002.2 -41002.2 -41002.2 -41002.2 -41736.9 -41894.8 -42690.4 -42690.4 -42690.4 -44490.0 -44490.0 -44490.0 -44490.0 -44490.0 -44490.0 -44490.0 -44490.0 -44490.0 -44490.0 -44490.0 -44490.0 -44490.0 -44490.0 -44490.0 -44490.0 -44490.0 -44490.0 -44490.0 -44490.0 -44490.0 -44490.0 -44490.0 -44490.0 -44490.0 -44564.7 -44564.7 -44564.7 -44564.7 -44746.5 -44746.5 -44746.5 -44746.5 -44746.5 -44746.5 -44746.5 -44746.5 -44746.5 -44746.5 -44746.5 -44746.5 -44872.3 -44872.3 -44872.3 -44872.3 -44872.3 -44872.3 -44872.3 -44872.3 -44872.3 -44872.3 -44872.3 -44872.3 -44872.3 -44872.3 -44872.3 -44872.3 -44883.7 -44883.7 -44899.3 -44899.3 -44899.3 -44899.3 -44908.9 -44908.9 -44908.9 -44961.3 -44980.8 -44980.8 -44980.8 -44980.8 -44981.4 -44981.4 -44981.4 -44981.4 -45009.5 -45009.5 -45009.5 -45009.5 -45009.5 -45009.5 -45009.5 -45009.5 -45009.5 -45009.5 -45009.5 -45009.5 -45029.9 -45029.9 -45029.9 -45029.9 -45029.9 -45029.9 -45029.9 -45029.9 -45029.9 -45029.9 -45029.9 -45029.9 -45029.9 -45029.9 -45029.9 -45029.9 -45029.9 -45029.9 -45029.9 -45029.9 -45029.9 -45029.9 -45029.9 -45029.9 -45029.9 -45029.9 -45029.9 -45029.9 -45029.9 -45029.9 -45029.9 -45029.9 -45029.9 -45029.9 -45029.9 -45029.9 -45029.9 -45029.9 -45029.9 -45029.9 -45029.9 -45029.9 -45029.9 -45029.9 -45029.9 -45029.9 -45029.9 -45029.9 -45029.9 -45029.9 -45029.9 -45029.9 -45029.9 -45029.9 -45029.9 -45029.9 -45029.9 -45029.9 -45029.9 -45029.9 -45029.9 -45029.9 -45029.9 -45029.9 -45029.9 -45029.9 -45029.9 -45029.9 -45029.9 -45029.9 -45029.9 -45029.9 -45029.9 -45029.9 -45029.9 -45029.9 -45029.9 -45029.9 -45029.9 -45029.9 -45029.9 -45029.9 -45029.9 -45029.9 -45029.9 -45029.9 -45029.9 -45029.9 -45029.9 -45029.9 -45029.9 -45029.9 -45029.9 -45029.9 -45029.9 -45029.9 -45029.9 -45029.9 -45029.9 -45029.9 -45029.9 -45029.9 -45029.9 -45029.9 -45029.9 -45029.9 -45029.9 -45029.9 -45029.9 -45029.9 -45029.9 -45029.9 -45029.9 -45029.9 -45029.9 -45029.9 -45029.9 -45029.9 -45029.9 -45029.9 -45029.9 -45029.9 -45029.9 -45029.9 -45029.9 -45029.9 -45029.9 -45029.9 -45029.9 -45029.9 -45029.9 -45029.9 -45029.9 -45029.9 -45029.9 -45029.9 -45029.9 -45029.9 -45029.9 -45029.9 -45029.9 -45029.9 -45029.9 -45029.9 -45029.9 -45029.9 -45029.9 -45029.9 -45029.9 -45029.9 -45029.9 -45029.9 -45029.9 -45029.9 -45029.9 -45029.9 -45029.9 -45029.9 -45029.9 -45029.9 -45029.9 -45029.9 -45029.9 -45029.9 -45029.9 -45029.9 -45029.9 -45029.9 -45029.9 -45029.9 -45029.9 -45029.9 -45029.9 -45029.9 -45029.9 -45029.9 -45029.9 -45029.9 -45029.9 -45029.9 -45029.9 -45029.9 -45029.9 -45029.9 -45029.9 -45029.9 -45029.9 -45029.9 -45029.9 -45029.9 -45029.9 -45029.9 -45029.9 -45029.9 -45029.9 -45029.9 -45029.9 -45029.9 -45029.9 -45029.9 -45029.9 -45029.9 -45029.9 -45029.9 -45029.9 -45029.9 -45029.9 -45029.9 -45029.9 -45029.9 -45029.9 -45029.9 -45029.9 -45029.9 -45029.9 -45029.9 -45029.9 -45029.9 -45029.9 -45029.9 -45029.9 -45029.9 -45029.9 -45029.9 -45029.9 -45029.9 -45029.9 -45029.9 -45029.9 -45029.9 -45029.9 -45029.9 -45029.9 -45029.9 -45029.9 -45029.9 -45029.9 -45029.9 -45029.9 -45029.9 -45029.9 -45029.9 -45029.9 -45029.9 -45029.9 -45029.9 -45029.9 -45029.9 -45029.9 -45029.9 -45029.9 -45029.9 -45029.9 -45029.9 -45029.9 -45029.9 -45029.9 -45029.9 -45029.9 -45029.9 -45029.9 -45029.9 -45029.9 -45029.9 -45029.9 -45029.9 -45029.9 -45029.9 -45029.9 -45029.9 -45029.9 -45029.9 -45029.9 -45029.9 -45029.9 -45029.9 -45029.9 -45029.9 -45029.9 -45029.9 -45029.9 -45029.9 -45029.9 -45029.9 -45029.9 -45029.9 -45029.9 -45029.9 -45029.9 -45029.9 -45029.9 -45029.9 -45029.9 -45029.9 -45029.9 -45029.9 -45029.9 -45029.9 -45029.9 -45029.9 -45029.9 -45029.9 -45029.9 -45029.9 -45029.9 -45029.9 -45029.9 -45029.9 -45029.9 -45029.9 -45029.9 -45029.9 -45029.9 -45029.9 -45029.9 -45029.9 -45029.9 -45029.9 -45029.9 -45029.9 -45029.9 -45029.9 -45029.9 -45029.9 -45029.9 -45029.9 -45029.9 -45029.9 -45029.9 -45029.9 -45029.9 -45029.9 -45029.9 -45029.9 -45029.9 -45029.9 -45029.9 -45029.9 -45029.9 -45029.9 -45029.9 -45029.9 -45029.9 -45029.9 -45029.9 -45029.9 -45029.9 -45029.9 -45029.9 -45029.9 -45029.9 -45029.9 -45029.9 -45029.9 -45029.9 -45029.9 -45029.9 -45029.9 -45029.9 -45029.9 -45029.9 -45029.9 -45029.9 -45029.9 -45029.9 -45029.9 -45029.9 -45029.9 -45029.9 -45029.9 -45029.9 -45029.9 -45029.9 -45029.9 -45029.9 -45029.9 -45029.9 -45029.9 -45029.9 -45029.9 -45029.9 -45029.9 -45029.9 -45029.9 -45029.9 -45029.9 -45029.9 -45029.9 -45029.9 -45029.9 -45029.9 -45029.9 -45029.9 -45029.9 -45029.9 -45029.9 -45029.9 -45029.9 -45029.9 -45029.9 -45029.9 -45029.9 -45029.9 -45029.9 -45029.9 -45029.9 -45029.9 -45029.9 -45029.9 -45029.9 -45029.9 -45029.9 -45029.9 -45029.9 -45029.9 -45029.9 -45029.9 -45029.9 -45029.9 -45029.9 -45029.9 -45029.9 -45029.9 -45029.9 -45029.9 -45029.9 -45029.9 -45029.9 -45029.9 -45029.9 -45029.9 -45029.9 -45029.9 -45029.9 -45029.9 -45029.9 -45029.9 -45029.9 -45029.9 -45029.9 -45029.9 -45029.9 -45029.9 -45029.9 -45029.9 -45029.9 -45029.9 -45029.9 -45029.9 -45029.9 -45029.9 -45029.9 -45029.9 -45029.9 -45029.9 -45029.9 -45029.9 -45029.9 -45029.9 -45029.9 -45029.9 -45029.9 -45029.9 -45029.9 -45029.9 -45029.9 -45029.9 -45029.9 -45029.9 -45029.9 -45029.9 -45029.9 -45029.9 -45029.9 -45029.9 -45029.9 -45029.9 -45029.9 -45029.9 -45029.9 -45029.9 -45029.9 -45029.9 -45029.9 -45029.9 -45029.9 -45029.9 -45029.9 -45029.9 -45029.9 -45029.9 -45029.9 -45029.9 -45029.9 -45029.9 -45029.9 -45029.9 -45029.9 -45029.9 -45029.9 -45029.9 -45029.9 -45029.9 -45029.9 -45029.9 -45029.9 -45029.9 -45029.9 -45029.9 -45029.9 -45029.9 -45029.9 -45029.9 -45029.9 -45029.9 -45029.9 -45029.9 -45029.9 -45029.9 -45029.9 -45029.9 -45029.9 -45029.9 -45029.9 -45029.9 -45029.9 -45029.9 -45029.9 -45029.9 -45029.9 -45029.9 -45029.9 -45029.9 -45029.9 -45029.9 -45029.9 -45029.9 -45029.9 -45029.9 -45029.9 -45029.9 -45029.9 -45029.9 -45029.9 -45029.9 -45029.9 -45029.9 -45029.9 -45029.9 -45029.9 -45029.9 -45029.9 -45029.9 -45029.9 -45029.9 -45029.9 -45029.9 -45029.9 -45029.9 -45029.9 -45029.9 -45029.9 -45029.9 -45029.9 -45029.9 -45029.9 -45029.9 -45029.9 -45029.9 -45029.9 -45029.9 -45029.9 -45029.9 -45029.9 -45029.9 -45029.9 -45029.9 -45029.9 -45029.9 -45029.9 -45029.9 -45029.9 -45029.9 -45029.9 -45029.9 -45029.9 -45029.9 -45029.9 -45029.9 -45029.9 -45029.9 -45029.9 -45029.9 -45029.9 -45029.9 -45029.9 -45029.9 -45029.9 -45029.9 -45029.9 -45029.9 -45029.9 -45029.9 -45029.9 -45029.9 -45029.9 -45029.9 -45029.9 -45029.9 -45029.9 -45029.9 -45029.9 -45029.9 -45029.9 -45029.9 -45029.9 -45029.9 -45029.9 -45029.9 -45029.9 -45029.9 -45029.9 -45029.9 -45029.9 -45029.9 -45029.9 -45029.9 -45029.9 -45029.9 -45029.9 -45029.9 -45029.9 -45029.9 -45029.9 -45029.9 -45029.9 -45029.9 -45029.9 -45029.9 -45029.9 -45029.9 -45029.9 -45029.9 -45029.9 -45029.9 -45029.9 -45029.9 -45029.9 -45029.9 -45029.9 -45029.9 -45029.9 -45029.9 -45029.9 -45029.9 -45029.9 -45029.9 -45029.9 -45029.9 -45029.9 -45029.9 -45029.9 -45029.9 -45029.9 -45029.9 -45029.9 -45029.9 -45029.9 -45029.9 -45029.9 -45029.9 -45029.9 -45029.9 -45029.9 -45029.9 -45029.9 -45029.9 -45029.9 -45029.9 -45029.9 -45029.9 -45029.9 -45029.9 -45029.9 -45029.9 -45029.9 -45029.9 -45029.9 -45029.9 -45029.9 -45029.9 -45029.9 -45029.9 -45029.9 -45029.9 -45029.9 -45029.9 -45029.9 -45029.9 -45029.9 -45029.9 -45029.9 -45029.9 -45029.9 -45029.9 -45029.9 -45029.9 -45029.9 -45029.9 -45029.9 -45029.9 -45029.9 -45029.9 -45029.9 -45029.9 -45029.9 -45029.9 -45029.9 -45029.9 -45029.9 -45029.9 -45029.9 -45029.9 -45029.9 -45029.9 -45029.9 -45029.9 -45029.9 -45029.9 -45029.9 -45029.9 -45029.9 -45029.9 -45029.9 -45029.9 -45029.9 -45029.9 -45029.9 -45029.9 -45029.9 -45029.9 -45029.9 -45029.9 -45029.9 -45029.9 -45029.9 -45029.9 -45029.9 -45029.9 -45029.9 -45029.9 -45029.9 -45029.9 -45029.9 -45029.9 -45029.9 -45029.9 -45029.9 -45029.9 -45029.9 -45029.9 -45029.9 -45029.9 -45029.9 -45029.9 -45029.9 -45029.9 -45029.9 -45029.9 -45029.9 -45029.9 -45029.9 -45029.9 -45029.9 -45029.9 -45029.9 -45029.9 -45029.9 -45029.9 -45029.9 -45029.9 -45029.9 -45029.9 -45029.9 -45029.9 -45029.9 -45029.9 -45029.9 -45029.9 -45029.9 -45029.9 -45029.9 -45029.9 -45029.9 -45029.9 -45029.9 -45029.9 -45029.9 -45029.9 -45029.9 -45029.9 -45029.9 -45029.9 -45029.9 -45029.9 -45029.9 -45029.9 -45029.9 -45029.9 -45029.9 -45029.9 -45029.9 -45029.9 -45029.9 -45029.9 -45029.9 -45029.9 -45029.9 -45029.9 -45029.9 -45029.9 -45029.9 -45029.9 -45029.9 -45029.9 -45029.9 -45029.9 -45029.9 -45029.9 -45029.9 -45029.9 -45029.9 -45029.9 -45029.9 -45029.9 -45029.9 -45029.9 -45029.9 -45029.9 -45029.9 -45029.9 -45029.9 -45029.9 -45029.9 -45029.9 -45029.9 -45029.9 -45029.9 -45029.9 -45029.9 -45029.9 -45029.9 -45029.9 -45029.9 -45029.9 -45029.9 -45029.9 -45029.9 -45029.9 -45029.9 -45029.9 -45029.9 -45029.9 -45029.9 -45029.9 -45029.9 -45029.9 -45029.9 -45029.9 -45029.9 -45029.9 -45029.9 -45029.9 -45029.9 -45029.9 -45029.9 -45029.9 -45029.9 -45029.9 -45029.9 -45029.9 -45029.9 -45029.9 -45029.9 -45029.9 -45029.9 -45029.9 -45029.9 -45029.9 -45029.9 -45029.9 -45029.9 -45029.9 -45029.9 -45029.9 -45029.9 -45029.9 -45029.9 -45029.9 -45029.9 -45029.9 -45029.9 -45029.9 -45029.9 -45029.9 -45029.9 -45029.9 -45029.9 -45029.9 -45029.9 -45029.9 -45029.9 -45029.9 -45029.9 -47505.5 -50083.7 -51351.6 -52648.5 -55305.6 -56271.4 -56271.4 -56832.7 -57624.0 -58473.8 -58473.8 -58473.8 -58473.8 -58473.8 -58473.8 -58473.8 -58473.8 -58473.8 -58473.8 -58473.8 -58473.8 -58473.8 -58473.8 -58473.8 -58473.8 -58473.8 -58473.8 -58473.8 -58473.8 -58473.8 -58473.8 -58473.8 -58473.8 -58617.9 -58771.9 -58882.0 -58964.0 -59039.5 -59113.1 -59124.7 -59167.9 -59167.9 -59167.9 -59167.9 -59167.9 -59167.9 -59167.9 -59167.9 -59167.9 -59167.9 -59167.9 -59167.9 -59167.9 -59167.9 -59167.9 -59168.0 -59210.2 -59210.2 -59210.2 -59210.2 -59230.6 -59237.3 -59254.0 -59260.3 -59311.5 -59311.5 -59311.5 -59311.5 -59311.5 -59311.5 -59311.5 -59311.5 -59326.1 -59326.1 -59326.1 -59326.1 -59341.5 -59341.5 -59341.5 -59343.8 -59352.3 -59352.3 -59352.3 -59359.6 -59359.6 -59359.6 -59365.8 -59365.8 -59365.8 -59365.8 -59372.4 -59372.4 -59372.4 -59372.4 -59372.4 -59378.7 -59378.7 -59378.7 -59378.7 -59378.7 -59378.7 -59378.7 -59379.7 -59379.7 -59379.7 -59379.7 -59388.3 -59390.2 -59390.2 -59406.0 -59406.0 -59406.0 -59406.9 -59406.9 -59406.9 -59414.9 -59414.9 -59414.9 -59414.9 -59414.9 -59414.9 -59414.9 -59414.9 -59423.6 -59423.6 -59423.6 -59423.6 -59423.6 -59423.6 -59434.2 -59434.2 -59434.2 -59434.2 -59434.2 -59440.3 -59440.3 -59440.3 -59440.3 -59440.3 -59446.3 -59448.9 -59448.9 -59448.9 -59448.9 -59448.9 -59456.0 -59456.0 -59456.0 -59456.0 -59456.0 -59456.0 -59456.0 -59456.0 -59456.0 -59456.0 -59456.0 -59456.0 -59456.0 -59456.0 -59456.0 -59456.0 -59456.0 -59456.0 -59456.0 -59456.0 -59456.0 -59456.0 -59456.0 -59456.0 -59456.0 -59456.0 -59456.0 -59456.0 -59456.0 -59456.0 -59456.0 -59456.0 -59456.0 -59456.0 -59456.0 -59456.0 -59456.0 -59456.0 -59456.0 -59456.0 -59456.0 -59456.0 -59456.0 -59456.0 -59456.0 -59456.0 -59456.0 -59456.0 -59456.0 -59456.0 -59456.0 -59456.0 -59456.0 -59456.0 -59456.0 -59456.0 -59456.0 -59456.0 -59456.0 -59456.0 -59456.0 -59456.0 -59456.0 -59456.0 -59456.0 -59456.0 -59456.0 -59456.0 -59456.0 -59456.0 -59456.0 -59456.0 -59456.0 -59456.0 -59456.0 -59456.0 -59456.0 -59456.0 -59456.0 -59456.0 -59456.0 -59456.0 -59456.0 -59456.0 -59456.0 -59456.0 -59456.0 -59456.0 -59456.0 -59456.0 -59456.0 -59456.0 -59456.0 -59456.0 -59456.0 -59456.0 -59456.0 -59456.0 -59456.0 -59456.0 -59456.0 -59456.0 -59456.0 -59456.0 -59456.0 -59456.0 -59456.0 -59456.0 -59456.0 -59456.0 -59456.0 -59456.0 -59456.0 -59456.0 -59456.0 -59456.0 -59456.0 -59456.0 -59456.0 -59456.0 -59456.0 -59456.0 -59456.0 -59456.0 -59456.0 -59456.0 -59456.0 -59456.0 -59456.0 -59456.0 -59456.0 -59456.0 -59456.0 -59456.0 -59456.0 -59456.0 -59456.0 -59456.0 -59456.0 -59456.0 -59456.0 -59456.0 -59456.0 -59456.0 -59456.0 -59456.0 -59456.0 -59456.0 -59456.0 -59456.0 -59456.0 -59456.0 -59456.0 -59456.0 -59456.0 -59456.0 -59456.0 -59456.0 -59456.0 -59456.0 -59456.0 -59456.0 -59456.0 -59456.0 -59456.0 -59456.0 -59456.0 -59456.0 -59456.0 -59456.0 -59456.0 -59456.0 -59456.0 -59456.0 -59456.0 -59456.0 -59456.0 -59456.0 -59456.0 -59456.0 -59456.0 -59456.0 -59456.0 -59456.0 -59456.0 -59456.0 -59456.0 -59456.0 -59456.0 -59456.0 -59456.0 -59456.0 -59456.0 -59456.0 -59456.0 -59456.0 -59456.0 -59456.0 -59456.0 -59456.0 -59456.0 -59456.0 -59456.0 -59456.0 -59456.0 -59456.0 -59456.0 -59456.0 -59456.0 -59456.0 -59456.0 -59456.0 -59456.0 -59456.0 -59456.0 -59456.0 -59456.0 -59456.0 -59456.0 -59456.0 -59456.0 -59456.0 -59456.0 -59456.0 -59456.0 -59456.0 -59456.0 -59456.0 -59456.0 -59456.0 -59456.0 -59456.0 -59456.0 -59456.0 -59456.0 -59456.0 -59456.0 -59456.0 -59456.0 -59456.0 -59456.0 -59456.0 -59456.0 -59456.0 -59456.0 -59456.0 -59456.0 -59456.0 -59456.0 -59456.0 -59456.0 -59456.0 -59456.0 -59456.0 -59456.0 -59456.0 -59456.0 -59456.0 -59456.0 -59456.0 -59456.0 -59456.0 -59456.0 -59456.0 -59456.0 -59456.0 -59456.0 -59456.0 -59456.0 -59456.0 -59456.0 -59456.0 -59456.0 -59456.0 -59456.0 -59456.0 -59456.0 -59456.0 -59456.0 -59456.0 -59456.0 -59456.0 -59456.0 -59456.0 -59456.0 -59456.0 -59456.0 -59456.0 -59456.0 -59456.0 -59456.0 -59456.0 -59456.0 -59456.0 -59456.0 -59456.0 -59456.0 -59456.0 -59456.0 -59456.0 -59456.0 -59456.0 -59456.0 -59456.0 -59456.0 -59456.0 -59456.0 -59456.0 -59456.0 -59456.0 -59456.0 -59456.0 -59456.0 -59456.0 -59456.0 -59456.0 -59456.0 -59456.0 -59456.0 -59456.0 -59456.0 -59456.0 -59456.0 -59456.0 -59456.0 -59456.0 -59456.0 -59456.0 -59456.0 -59456.0 -59456.0 -59456.0 -59456.0 -59456.0 -59456.0 -59456.0 -59456.0 -59456.0 -59456.0 -59456.0 -59456.0 -59456.0 -59456.0 -59456.0 -59456.0 -59456.0 -59456.0 -59456.0 -59456.0 -59456.0 -59456.0 -59456.0 -59456.0 -59456.0 -59456.0 -59456.0 -59456.0 -59456.0 -59456.0 -59456.0 -59456.0 -59456.0 -59456.0 -59456.0 -59456.0 -59456.0 -59456.0 -59456.0 -59456.0 -59456.0 -59456.0 -59456.0 -59456.0 -59456.0 -59456.0 -59456.0 -59456.0 -59456.0 -59456.0 -59456.0 -59456.0 -59456.0 -59456.0 -59456.0 -59456.0 -59456.0 -59456.0 -59456.0 -59456.0 -59456.0 -59456.0 -59456.0 -59456.0 -59456.0 -59456.0 -59456.0 -59456.0 -59456.0 -59456.0 -59456.0 -59456.0 -59456.0 -59456.0 -59456.0 -59456.0 -59456.0 -59456.0 -59456.0 -59456.0 -59456.0 -59456.0 -59456.0 -59456.0 -59456.0 -59456.0 -59456.0 -59456.0 -59456.0 -59456.0 -59456.0 -59456.0 -59456.0 -59456.0 -59456.0 -59456.0 -59456.0 -59456.0 -59456.0 -59456.0 -59456.0 -59456.0 -59456.0 -59456.0 -59456.0 -59456.0 -59456.0 -59456.0 -59456.0 -59456.0 -59456.0 -59456.0 -59456.0 -59456.0 -59456.0 -59456.0 -59456.0 -59456.0 -59456.0 -59456.0 -59456.0 -59456.0 -59456.0 -59456.0 -59456.0 -59456.0 -59456.0 -59456.0 -59456.0 -59456.0 -59456.0 -59456.0 -59456.0 -59456.0 -59456.0 -59456.0 -59456.0 -59456.0 -59456.0 -59456.0 -59456.0 -59456.0 -59456.0 -59456.0 -59456.0 -59456.0 -59456.0 -59456.0 -59456.0 -59456.0 -59456.0 -59456.0 -59456.0 -59456.0 -59456.0 -59456.0 -59456.0 -59456.0 -59456.0 -59456.0 -59456.0 -59456.0 -59456.0 -59456.0 -59456.0 -59456.0 -59456.0 -59456.0 -59456.0 -59456.0 -59456.0 -59456.0 -59456.0 -59456.0 -59456.0 -59456.0 -59456.0 -59456.0 -59456.0 -59456.0 -59456.0 -59456.0 -59456.0 -59456.0 -59456.0 -59456.0 -59456.0 -59456.0 -59456.0 -59456.0 -59456.0 -59456.0 -59456.0 -59456.0 -59456.0 -59456.0 -59456.0 -59456.0 -59456.0 -59456.0 -59456.0 -59456.0 -59456.0 -59456.0 -59456.0 -59456.0 -59456.0 -59456.0 -59456.0 -59456.0 -59456.0 -59456.0 -59456.0 -59456.0 -59456.0 -59456.0 -59456.0 -59456.0 -59456.0 -59456.0 -59456.0 -59456.0 -59456.0 -59456.0 -59456.0 -59456.0 -59456.0 -59456.0 -59456.0 -59456.0 -59456.0 -59456.0 -59456.0 -59456.0 -59456.0 -59456.0 -59456.0 -59456.0 -59456.0 -59456.0 -59456.0 -59456.0 -59456.0 -59456.0 -59456.0 -59456.0 -59456.0 -59456.0 -59456.0 -59456.0 -59456.0 -59456.0 -59456.0 -59456.0 -59456.0 -59456.0 -59456.0 -59456.0 -59456.0 -59456.0 -59456.0 -59456.0 -59456.0 -59456.0 -59456.0 -59456.0 -59456.0 -59456.0 -59456.0 -59456.0 -59456.0 -59456.0 -59456.0 -59456.0 -59456.0 -59456.0 -59456.0 -59456.0 -59456.0 -59456.0 -59456.0 -59456.0 -59456.0 -59456.0 -59456.0 -59456.0 -59456.0 -59456.0 -59456.0 -59456.0 -59456.0 -59456.0 -59456.0 -59456.0 -59456.0 -59456.0 -59456.0 -59456.0 -59456.0 -59456.0 -59456.0 -59456.0 -59456.0 -59456.0 -59456.0 -59456.0 -59456.0 -59456.0 -59456.0 -59456.0 -59456.0 -59456.0 -59456.0 -59456.0 -59456.0 -59456.0 -59456.0 -59456.0 -59456.0 -59456.0 -59456.0 -59456.0 -59456.0 -59456.0 -59456.0 -59456.0 -59456.0 -59456.0 -59456.0 -59456.0 -59456.0 -59456.0 -59456.0 -59456.0 -59456.0 -59456.0 -59456.0 -59456.0 -59456.0 -59456.0 -59456.0 -59456.0 -59456.0 -59456.0 -59456.0 -59456.0 -59456.0 -59456.0 -59456.0 -59456.0 -59456.0 -59456.0 -59456.0 -59456.0 -59456.0 -59456.0 -59456.0 -59456.0 -59456.0 -59456.0 -59456.0 -59456.0 -59456.0 -59456.0 -59456.0 -59456.0 -59456.0 -59456.0 -59456.0 -59456.0 -59456.0 -59456.0 -59456.0 -59456.0 -59456.0 -59456.0 -59456.0 -59456.0 -59456.0 -59456.0 -59456.0 -59456.0 -59456.0 -59456.0 -59456.0 -59456.0 -59456.0 -59456.0 -59456.0 -59456.0 -59456.0 -59456.0 -59456.0 -59456.0 -59456.0 -59456.0 -59456.0 -59456.0 -59456.0 -59456.0 -59456.0 -59456.0 -59456.0 -59456.0 -59456.0 -59456.0 -59456.0 -59456.0 -59456.0 -59456.0 -59456.0 -59456.0 -59456.0 -59456.0 -59456.0 -59456.0 -59456.0 -59456.0 -59456.0 -59456.0 -59456.0 -59456.0 -59456.0 -59456.0 -59456.0 -59456.0 -59456.0 -59456.0 -59456.0 -59456.0 -59456.0 -59456.0 -59456.0 -59456.0 -59456.0 -59456.0 -59456.0 -59456.0 -59456.0 -59456.0 -59456.0 -59456.0 -59456.0 -59456.0 -59456.0 -59456.0 -59456.0 -59456.0 -59456.0 -59456.0 -59456.0 -59456.0 -59456.0 -59456.0 -59456.0 -59456.0 -59456.0 -59456.0 -59456.0 -59456.0 -59456.0 -59456.0 -59456.0 -59456.0 -59456.0 -59456.0 -59456.0 -59456.0 -59456.0 -59456.0 -59456.0 -59456.0 -59456.0 -59456.0 -59456.0 -59456.0 -59456.0 -59456.0 -59456.0 -59456.0 -59456.0 -59456.0 -59456.0 -59456.0 -59456.0 -59456.0 -59456.0 -59456.0 -59456.0 -59456.0 -59456.0 -59456.0 -59456.0 -59456.0 -59456.0 -59456.0 -59456.0 -59456.0 -59456.0 -59456.0 -59456.0 -59456.0 -59456.0 -59456.0 -59456.0 -59456.0 -59456.0 -59456.0 -59456.0 -59456.0 -59456.0 -59456.0 -59456.0 -59456.0 -59456.0 -59456.0 -59456.0 -59456.0 -59456.0 -59456.0 -59456.0 -59456.0 -59456.0 -59456.0 -59456.0 -59456.0 -59456.0 -59456.0 -59456.0 -59456.0 -59456.0 -59456.0 -59456.0 -59456.0 -59456.0 -59456.0 -59456.0 -59456.0 -59456.0 -59456.0 -59456.0 -59456.0 -59456.0 -59456.0 -59456.0 -59456.0 -59456.0 -59456.0 -59456.0 -59456.0 -59456.0 -59456.0 -59456.0 -59456.0 -59456.0 -59456.0 -59456.0 -59456.0 -59456.0 -59456.0 -59456.0 -59456.0 -59456.0 -59456.0 -59456.0 -59456.0 -59456.0 -59456.0 -59456.0 -59456.0 -59456.0 -59456.0 -59456.0 -59456.0 -59456.0 -59456.0 -59456.0 -59456.0 -59456.0 -59456.0 -59456.0 -59456.0 -59456.0 -59456.0 -59456.0 -59456.0 -59456.0 -59456.0 -59456.0 -59456.0 -59456.0 -59456.0 -59456.0 -59456.0 -59456.0 -59456.0 -59456.0 -59456.0 -59456.0 -59456.0 -59456.0 -59456.0 -59456.0 -59456.0 -59456.0 -59456.0 -59456.0 -59456.0 -59456.0 -59456.0 -59456.0 -59456.0 -59456.0 -59456.0 -59456.0 -59456.0 -59456.0 -59456.0 -59456.0 -59456.0 -59456.0 -59456.0 -59456.0 -59456.0 -59456.0 -59456.0 -59456.0 -59456.0 -59456.0 -59456.0 -59456.0 -59456.0 -59456.0 -59456.0 -59456.0 -59456.0 -59456.0 -59456.0 -59456.0 -59456.0 -59456.0 -59456.0 -59456.0 -59456.0 -59456.0 -59456.0 -59456.0 -59456.0 -59456.0 -59456.0 -59456.0 -59456.0 -59456.0 -59456.0 -59456.0 -59456.0 -59456.0 -59456.0 -59456.0 -59456.0 -59456.0 -59456.0 -59456.0 -59456.0 -59456.0 -59456.0 -59456.0 -59456.0 -59456.0 -59456.0 -59456.0 -59456.0 -59456.0 -59456.0 -59456.0 -59456.0 -59456.0 -59456.0 -59456.0 -59456.0 -59456.0 -59456.0 -59456.0 -59456.0 -59456.0 -59456.0 -59456.0 -59456.0 -59456.0 -59456.0 -59456.0 -59456.0 -59456.0 -59456.0 -59456.0 -59456.0 -59456.0 -59456.0 -59456.0 -59456.0 -59456.0 -59456.0 -59456.0 -59456.0 -59456.0 -59456.0 -59456.0 -59456.0 -59456.0 -59456.0 -59456.0 -59456.0 -59456.0 -59456.0 -59456.0 -59456.0 -59456.0 -59456.0 -59456.0 -59456.0 -59456.0 -59456.0 -59456.0 -59456.0 -59456.0 -59456.0 -59456.0 -59456.0 -59456.0 -59456.0 -59456.0 -59456.0 -59456.0 -59456.0 -59456.0 -59456.0 -59456.0 -59456.0 -59456.0 -59456.0 -59456.0 -59456.0 -59456.0 -59456.0 -59456.0 -59456.0 -59456.0 -59456.0 -59456.0 -59456.0 -59456.0 -59456.0 -59456.0 -59456.0 -59456.0 -59456.0 -59456.0 -59456.0 -59456.0 -59456.0 -59456.0 -59456.0 -59456.0 -59456.0 -59456.0 -59456.0 -59456.0 -59456.0 -59456.0 -59456.0 -59456.0 -59456.0 -59456.0 -59456.0 -59456.0 -59456.0 -59456.0 -59456.0 -59456.0 -59456.0 -59456.0 -59456.0 -59456.0 -59456.0 -59456.0 -59456.0 -59456.0 -59456.0 -59456.0 -59456.0 -59456.0 -59456.0 -59456.0 -59456.0 -59456.0 -59456.0 -59456.0 -59456.0 -59456.0 -59456.0 -59456.0 -59456.0 -59456.0 -59456.0 -59456.0 -59456.0 -59456.0 -59456.0 -59456.0 -59456.0 -59456.0 -59456.0 -59456.0 -59456.0 -59456.0 -59456.0 -59456.0 -59456.0 -59456.0 -59456.0 -59456.0 -59456.0 -59456.0 -59456.0 -59456.0 -59456.0 -59456.0 -59456.0 -59456.0 -59456.0 -59456.0 -59456.0 -59456.0 -59456.0 -59456.0 -59456.0 -59456.0 -59456.0 -59456.0 -59456.0 -59456.0 -59456.0 -59456.0 -59456.0 -59456.0 -59456.0 -59456.0 -59456.0 -59456.0 -59456.0 -59456.0 -59456.0 -59456.0 -59456.0 -59456.0 -59456.0 -59456.0 -59456.0 -59456.0 -59456.0 -59456.0 -59456.0 -59456.0 -59456.0 -59456.0 -59456.0 -59456.0 -59456.0 -59456.0 -59456.0 -59456.0 -59456.0 -59456.0 -59456.0 -59456.0 -59456.0 -59456.0 -59456.0 -59456.0 -59456.0 -59456.0 -59456.0 -59456.0 -59456.0 -59456.0 -59456.0 -59456.0 -59456.0 -59456.0 -59456.0 -59456.0 -59456.0 -59456.0 -59456.0 -59456.0 -59456.0 -59456.0 -59456.0 -59456.0 -59456.0 -59456.0 -59456.0 -59456.0 -59456.0 -59456.0 -59456.0 -59456.0 -59456.0 -59456.0 -59456.0 -59456.0 -59456.0 -59456.0 -59456.0 -59456.0 -59456.0 -59456.0 -59456.0 -59456.0 -59456.0 -59456.0 -59456.0 -59456.0 -59456.0 -59456.0 -59456.0 -59456.0 -59456.0 -59456.0 -59456.0 -59456.0 -59456.0 -59456.0 -59456.0 -59456.0 -59456.0 -59456.0 -59456.0 -59456.0 -59456.0 -59456.0 -59456.0 -59456.0 -59456.0 -59456.0 -59456.0 -59456.0 -59456.0 -59456.0 -59456.0 -59456.0 -59456.0 -59456.0 -59456.0 -59456.0 -59456.0 -59456.0 -59456.0 -59456.0 -59456.0 -59456.0 -59456.0 -59456.0 -59456.0 -59456.0 -59456.0 -59456.0 -59456.0 -59456.0 -59456.0 -59456.0 -59456.0 -59456.0 -59456.0 -59456.0 -59456.0 -59456.0 -59456.0 -59456.0 -59456.0 -59456.0 -59456.0 -59456.0 -59456.0 -59456.0 -59456.0 -59456.0 -59456.0 -59456.0 -59456.0 -59456.0 -59456.0 -59456.0 -59456.0 -59456.0 -59456.0 -59456.0 -59456.0 -59456.0 -59456.0 -59456.0 -59456.0 -59456.0 -59456.0 -59456.0 -59456.0 -59456.0 -59456.0 -59456.0 -59456.0 -59456.0 -59456.0 -59456.0 -59456.0 -59456.0 -59456.0 -59456.0 -59456.0 -59456.0 -59456.0 -59456.0 -59456.0 -59456.0 -59456.0 -59456.0 -59456.0 -59456.0 -59456.0 -59456.0 -59456.0 -59456.0 -59456.0 -59456.0 -59456.0 -59456.0 -59456.0 -59456.0 -59456.0 -59456.0 -59456.0 -59456.0 -59456.0 -59456.0 -59456.0 -59456.0 -59456.0 -59456.0 -59456.0 -59456.0 -59456.0 -59456.0 -59456.0 -59456.0 -59456.0 -59456.0 -59456.0 -59456.0 -59456.0 -59456.0 -59456.0 -59456.0 -59456.0 -59456.0 -59456.0 -59456.0 -59456.0 -59456.0 -59456.0 -59456.0 -59456.0 -59456.0 -59456.0 -59456.0 -59456.0 -59456.0 -59456.0 -59456.0 -59456.0 -59456.0 -59456.0 -59456.0 -59456.0 -59456.0 -59456.0 -59456.0 -59456.0 -59456.0 -59456.0 -59456.0 -59456.0 -59456.0 -59456.0 -59456.0 -59456.0 -59456.0 -59456.0 -59456.0 -59456.0 -59456.0 -59456.0 -59456.0 -59456.0 -59456.0 -59456.0 -59456.0 -59456.0 -59456.0 -59456.0 -59456.0 -59456.0 -59456.0 -59456.0 -59456.0 -59456.0 -59456.0 -59456.0 -59456.0 -59456.0 -59456.0 -59456.0 -59456.0 -59456.0 -59456.0 -59456.0 -59456.0 -59456.0 -59456.0 -59456.0 -59456.0 -59456.0 -59456.0 -59456.0 -59456.0 -59456.0 -59456.0 -59456.0 -59456.0 -59456.0 -59456.0 -59456.0 -59456.0 -59456.0 -59456.0 -59456.0 -59456.0 -59456.0 -59456.0 -59456.0 -59456.0 -59456.0 -59456.0 -59456.0 -59456.0 -59456.0 -59456.0 -59456.0 -59456.0 -59456.0 -59456.0 -59456.0 -59456.0 -59456.0 -59456.0 -59456.0 -59456.0 -59456.0 -59456.0 -59456.0 -59456.0 -59456.0 -59456.0 -59456.0 -59456.0 -59456.0 -59456.0 -59456.0 -59456.0 -59456.0 -59456.0 -59456.0 -59456.0 -59456.0 -59456.0 -59456.0 -59456.0 -59456.0 -59456.0 -59456.0 -59456.0 -59456.0 -59456.0 -59456.0 -59456.0 -59456.0 -59456.0 -59456.0 -59456.0 -59456.0 -59456.0 -59456.0 -59456.0 -59456.0 -59456.0 -59456.0 -59456.0 -59456.0 -59456.0 -59456.0 -59456.0 -59456.0 -59456.0 -59456.0 -59456.0 -59456.0 -59456.0 -59456.0 -59456.0 -59456.0 -59456.0 -59456.0 -59456.0 -59456.0 -59456.0 -59456.0 -59456.0 -59456.0 -59456.0 -59456.0 -59456.0 -59456.0 -59456.0 -59456.0 -59456.0 -59456.0 -59456.0 -59456.0 -59456.0 -59456.0 -59456.0 -59456.0 -59456.0 -59456.0 -59456.0 -59456.0 -59456.0 -59456.0 -59456.0 -59456.0 -59456.0 -59456.0 -59456.0 -59456.0 -59456.0 -59456.0 -59456.0 -59456.0 -59456.0 -59456.0 -59456.0 -59456.0 -59456.0 -59456.0 -59456.0 -59456.0 -59456.0 -59456.0 -59456.0 -59456.0 -59456.0 -59456.0 -59456.0 -59456.0 -59456.0 -59456.0 -59456.0 -59456.0 -59456.0 -59456.0 -59456.0 -59456.0 -59456.0 -59456.0 -59456.0 -59456.0 -59456.0 -59456.0 -59456.0 -59456.0 -59456.0 -59456.0 -59456.0 -59456.0 -59456.0 -59456.0 -59456.0 -59456.0 -59456.0 -59456.0 -59456.0 -59456.0 -59456.0 -59456.0 -59456.0 -59456.0 -59456.0 -59456.0 -59456.0 -59456.0 -59456.0 -59456.0 -59456.0 -59456.0 -59456.0 -59456.0 -59456.0 -59456.0 -59456.0 -59456.0 -59456.0 -59456.0 -59456.0 -59456.0 -59456.0 -59456.0 -59456.0 -59456.0 -59456.0 -59456.0 -59456.0 -59456.0 -59456.0 -59456.0 -59456.0 -59456.0 -59456.0 -59456.0 -59456.0 -59456.0 -59456.0 -59456.0 -59456.0 -59456.0 -59456.0 -59456.0 -59456.0 -59456.0 -59456.0 -59456.0 -59456.0 -59456.0 -59456.0 -59456.0 -59456.0 -59456.0 -59456.0 -59456.0 -59456.0 -59456.0 -59456.0 -59456.0 -59456.0 -59456.0 -59456.0 -59456.0 -59456.0 -59456.0 -59456.0 -59456.0 -59456.0 -59456.0 -59456.0 -59456.0

