================ RESULT ================
rule               : prodigy  (mesh=delaunay)
n_starts/steps/batch: 16/3000/4  resurrect=True
log_det=cholesky  fix_reg=free  reg=matern
wall_s             : 34828.2
max log likelihood : 29792.093
einstein_radius    : 1.6000   (truth 1.6, Nautilus mode 0.962)
in truth basin     : True   (slack tol — converged-sampler logL is the real bar)
bar (Nautilus)     : 19982.3
bar (truth-point)  : 30078.7   (upper reference)
steps to bar       : 1981
total_steps        : 3000
n_resurrections    : 252
stop_reason        : max_steps
=======================================

fom_history (best -2logP per step): 161090.8 161089.6 161088.5 161087.4 161086.2 161084.8 161082.6 161079.3 161074.1 161066.2 161054.3 161036.8 161010.8 160972.4 160915.3 160829.7 160653.1 160278.0 159978.8 159541.0 158878.3 157920.6 154800.7 152425.4 148539.3 145038.9 140058.5 133778.3 127078.0 127078.0 127078.0 127078.0 127078.0 127078.0 127078.0 127078.0 127078.0 123374.6 122125.1 122099.1 119892.5 116593.9 115984.4 114728.0 114487.1 111442.9 107163.7 103871.5 101680.7 101680.7 97052.2 97052.2 95817.9 95817.9 95817.9 90879.0 90879.0 88655.6 88655.6 88655.6 88655.6 88655.6 88655.6 88655.6 88655.6 88655.6 88655.6 88655.6 88655.6 88655.6 88655.6 88655.6 88655.6 88655.6 88655.6 88655.6 88655.6 88655.6 88655.6 88655.6 88655.6 88655.6 88655.6 88655.6 88655.6 88655.6 88655.6 88655.6 88655.6 88655.6 88655.6 88655.6 88655.6 88655.6 88655.6 88655.6 88655.6 88655.6 88655.6 88655.6 88655.6 88655.6 88655.6 88655.6 88655.6 88655.6 88655.6 88655.6 88655.6 88655.6 88655.6 88655.6 88655.6 88655.6 88655.6 88655.6 88655.6 88655.6 88655.6 88655.6 88655.6 88655.6 88655.6 88655.6 88655.6 88655.6 88655.6 88655.6 88655.6 88655.6 88655.6 88655.6 88655.6 88655.6 88655.6 88655.6 88655.6 88655.6 88655.6 88655.6 88655.6 88655.6 88655.6 88655.6 88655.6 88655.6 88655.6 88655.6 88655.6 88655.6 88655.6 88655.6 88655.6 88655.6 88655.6 88655.6 88655.6 88655.6 88655.6 88655.6 88655.6 88655.6 88655.6 80701.8 80701.8 80701.8 80701.8 80701.8 80701.8 80701.8 80701.8 80701.8 80701.8 80701.8 80701.8 80701.8 80701.8 80701.8 80701.8 80701.8 80701.8 80701.8 80701.8 80701.8 80701.8 80701.8 80701.8 80701.8 80701.8 80701.8 80701.8 80701.8 77442.7 75421.9 72111.3 69685.6 66267.5 62905.9 62905.9 62905.9 62905.9 62905.9 57886.0 57886.0 57886.0 57886.0 57886.0 57886.0 57886.0 57886.0 57886.0 57886.0 57886.0 57886.0 57886.0 55909.0 55909.0 54188.2 54188.2 52045.5 52045.5 52045.5 52045.5 52045.5 52045.5 52045.5 49744.6 49744.6 49744.6 49193.7 49193.7 49193.7 45829.3 45829.3 45829.3 44117.2 44117.2 44117.2 44117.2 44117.2 44117.2 44117.2 44117.2 44117.2 42775.1 42775.1 42775.1 42775.1 42775.1 42775.1 42775.1 42775.1 42775.1 42775.1 42775.1 42775.1 42775.1 42775.1 42775.1 42775.1 42775.1 42775.1 42775.1 42775.1 42775.1 42775.1 42775.1 42775.1 42775.1 42775.1 42775.1 42775.1 42775.1 42775.1 42775.1 42775.1 42775.1 42775.1 42775.1 42775.1 42320.3 42320.3 42320.3 42320.3 42320.3 42320.3 42320.3 42320.3 42320.3 42320.3 42320.3 42320.3 42320.3 42320.3 42320.3 42320.3 42320.3 42320.3 42320.3 42320.3 42320.3 42320.3 42320.3 42320.3 42320.3 42320.3 42320.3 42320.3 42320.3 42320.3 42320.3 42320.3 42320.3 42320.3 42320.3 42320.3 42320.3 42320.3 42320.3 42320.3 42320.3 42320.3 42320.3 42320.3 42320.3 42320.3 42320.3 42320.3 42320.3 42320.3 42320.3 42320.3 42320.3 42320.3 42320.3 42320.3 42320.3 42320.3 42320.3 42320.3 42320.3 42320.3 42320.3 42320.3 42320.3 42320.3 42320.3 42320.3 42320.3 42320.3 42320.3 42320.3 42320.3 42320.3 42320.3 42320.3 42320.3 42320.3 42320.3 42320.3 42320.3 42320.3 42320.3 42320.3 42320.3 42320.3 42320.3 42320.3 42320.3 42320.3 42320.3 42320.3 42320.3 42320.3 42320.3 42320.3 42320.3 42320.3 42320.3 42320.3 42320.3 42320.3 42320.3 42320.3 42320.3 42320.3 42320.3 42320.3 42320.3 42320.3 42320.3 42320.3 42320.3 42320.3 42320.3 42320.3 42320.3 42320.3 42320.3 42320.3 42320.3 42320.3 42320.3 42320.3 42320.3 42320.3 42320.3 42320.3 42320.3 42320.3 42320.3 42320.3 42320.3 42320.3 42320.3 42320.3 42320.3 42320.3 42320.3 42320.3 42320.3 42320.3 42320.3 42320.3 42320.3 42320.3 42320.3 42320.3 42320.3 42320.3 42320.3 42320.3 42320.3 42320.3 42320.3 42320.3 42320.3 42320.3 42320.3 42320.3 42320.3 42320.3 42320.3 42320.3 42320.3 42320.3 42320.3 42320.3 42320.3 42320.3 42320.3 42320.3 42320.3 42320.3 42320.3 42320.3 42320.3 42320.3 42320.3 42320.3 42320.3 42320.3 42320.3 42320.3 42320.3 42320.3 42320.3 42320.3 42320.3 42320.3 42320.3 42320.3 42320.3 42320.3 42320.3 42320.3 42320.3 42320.3 42320.3 42320.3 42320.3 42320.3 42320.3 42320.3 42320.3 42320.3 42320.3 42320.3 42320.3 42320.3 42320.3 42320.3 42320.3 42320.3 42320.3 42320.3 42320.3 42320.3 42320.3 42320.3 42320.3 42320.3 42320.3 42320.3 42320.3 42320.3 42320.3 42320.3 42320.3 42320.3 42320.3 42320.3 42320.3 42320.3 42320.3 42320.3 42320.3 42320.3 42320.3 42320.3 42320.3 42320.3 42320.3 42320.3 42320.3 42320.3 42320.3 42320.3 42320.3 42320.3 42320.3 42320.3 42320.3 42320.3 42320.3 42320.3 42320.3 42320.3 42320.3 42320.3 42320.3 42320.3 42320.3 42320.3 42320.3 42320.3 42320.3 42320.3 42320.3 42320.3 42320.3 42320.3 42320.3 42320.3 42320.3 42320.3 42320.3 42320.3 42320.3 42320.3 42320.3 42320.3 42320.3 42320.3 42320.3 42320.3 42320.3 42320.3 42320.3 42320.3 42320.3 42320.3 42320.3 42320.3 42320.3 42320.3 42320.3 42320.3 42320.3 42320.3 42320.3 42320.3 42320.3 42320.3 42320.3 42320.3 42320.3 42320.3 42320.3 42320.3 42320.3 42320.3 42320.3 42320.3 42320.3 42320.3 42320.3 42320.3 42320.3 42320.3 42320.3 42320.3 42320.3 42320.3 42320.3 42320.3 42320.3 42320.3 42320.3 42320.3 42320.3 42320.3 42320.3 42320.3 42320.3 42320.3 42320.3 42320.3 42320.3 42320.3 42320.3 42320.3 42320.3 42320.3 42320.3 42320.3 42320.3 42320.3 42320.3 42320.3 42320.3 42320.3 42320.3 42320.3 42320.3 42320.3 42320.3 42320.3 42320.3 42320.3 42320.3 42320.3 42320.3 42320.3 42320.3 42320.3 42320.3 42320.3 42320.3 42320.3 42320.3 42320.3 42320.3 42320.3 42320.3 42320.3 42320.3 42320.3 42320.3 42320.3 39882.6 21635.8 21635.8 21635.8 21635.8 21635.8 21635.8 21635.8 21635.8 21635.8 21635.8 21635.8 21635.8 21635.8 21635.8 21635.8 21635.8 21635.8 21635.8 21635.8 21635.8 21635.8 21635.8 21635.8 21635.8 21635.8 21635.8 21635.8 21635.8 21635.8 21635.8 21635.8 21635.8 21635.8 21635.8 21635.8 21635.8 21635.8 21635.8 21635.8 21635.8 21635.8 21635.8 21635.8 21635.8 21635.8 21635.8 21635.8 21635.8 21635.8 21635.8 21635.8 21635.8 21635.8 21635.8 21635.8 21635.8 21635.8 21635.8 21635.8 21635.8 21635.8 21635.8 21635.8 21635.8 21635.8 21635.8 21635.8 21635.8 21635.8 21635.8 21635.8 21635.8 21635.8 21635.8 21635.8 21635.8 21635.8 21635.8 21635.8 21635.8 21635.8 21635.8 21635.8 21635.8 9986.3 9986.3 8792.6 1570.4 1570.4 1570.4 -3644.4 -3644.4 -7019.8 -19673.9 -19673.9 -19673.9 -19673.9 -19673.9 -19673.9 -19673.9 -19673.9 -19673.9 -19673.9 -19673.9 -19673.9 -19673.9 -19673.9 -19673.9 -19673.9 -19673.9 -19673.9 -19673.9 -19673.9 -19673.9 -19673.9 -19673.9 -19673.9 -19673.9 -19673.9 -19673.9 -19673.9 -19673.9 -19673.9 -19673.9 -19673.9 -19673.9 -19673.9 -19673.9 -19673.9 -19673.9 -19673.9 -19673.9 -19673.9 -19673.9 -19673.9 -19673.9 -19673.9 -19673.9 -19673.9 -19673.9 -19673.9 -19673.9 -19673.9 -19673.9 -19673.9 -19673.9 -19673.9 -19673.9 -19673.9 -19673.9 -19673.9 -19673.9 -19673.9 -19673.9 -19673.9 -19673.9 -19673.9 -19673.9 -19673.9 -19673.9 -19673.9 -19673.9 -19673.9 -19673.9 -19673.9 -19673.9 -19673.9 -19673.9 -19673.9 -19673.9 -19673.9 -19673.9 -19673.9 -19673.9 -19673.9 -19673.9 -19673.9 -19673.9 -19673.9 -19673.9 -19673.9 -19673.9 -19673.9 -19673.9 -19673.9 -19673.9 -19673.9 -19673.9 -19673.9 -19673.9 -19673.9 -19673.9 -19673.9 -19673.9 -19673.9 -19673.9 -19673.9 -19673.9 -19673.9 -19673.9 -19673.9 -19673.9 -19673.9 -19673.9 -19673.9 -19673.9 -19673.9 -19673.9 -19673.9 -19673.9 -19673.9 -19673.9 -19673.9 -19673.9 -19673.9 -19673.9 -19673.9 -19673.9 -19673.9 -19673.9 -19673.9 -19673.9 -19673.9 -19673.9 -19673.9 -19673.9 -19673.9 -19673.9 -19673.9 -19673.9 -19673.9 -19673.9 -19673.9 -19673.9 -19673.9 -19673.9 -19673.9 -19673.9 -19673.9 -19673.9 -19673.9 -19673.9 -19673.9 -19673.9 -19673.9 -19673.9 -19673.9 -19673.9 -19673.9 -19673.9 -19673.9 -19673.9 -19673.9 -19673.9 -19673.9 -19673.9 -19673.9 -19673.9 -19673.9 -19673.9 -19673.9 -19673.9 -19673.9 -19673.9 -19673.9 -19673.9 -19673.9 -19673.9 -19673.9 -19673.9 -19673.9 -19673.9 -19673.9 -19673.9 -19673.9 -19673.9 -19673.9 -19673.9 -19673.9 -19673.9 -19673.9 -19673.9 -19673.9 -19673.9 -19673.9 -19673.9 -19673.9 -19673.9 -19673.9 -19673.9 -19673.9 -19673.9 -19673.9 -19673.9 -19673.9 -19673.9 -19673.9 -19673.9 -19673.9 -19673.9 -19673.9 -19673.9 -19673.9 -19673.9 -19673.9 -19673.9 -19673.9 -19673.9 -19673.9 -19673.9 -19673.9 -19673.9 -19673.9 -19673.9 -19673.9 -19673.9 -19673.9 -19673.9 -19673.9 -19673.9 -19673.9 -19673.9 -19673.9 -19673.9 -19673.9 -19673.9 -19673.9 -19673.9 -19673.9 -19673.9 -19673.9 -19673.9 -19673.9 -19673.9 -19673.9 -19673.9 -19673.9 -19673.9 -19673.9 -19673.9 -19673.9 -19673.9 -19673.9 -19673.9 -19673.9 -19673.9 -19673.9 -19673.9 -19673.9 -19673.9 -19673.9 -19673.9 -19673.9 -19673.9 -19673.9 -19673.9 -19673.9 -19673.9 -19673.9 -19673.9 -19673.9 -19673.9 -19673.9 -19673.9 -19673.9 -19673.9 -19673.9 -19673.9 -19673.9 -19673.9 -19673.9 -19673.9 -19673.9 -19673.9 -19673.9 -19673.9 -19673.9 -19673.9 -19673.9 -19673.9 -19673.9 -19673.9 -19673.9 -19673.9 -19673.9 -19673.9 -19673.9 -19673.9 -19673.9 -19673.9 -19673.9 -19673.9 -19673.9 -19673.9 -19673.9 -19673.9 -19673.9 -19673.9 -19673.9 -19673.9 -19673.9 -19673.9 -19673.9 -19673.9 -19673.9 -19673.9 -19673.9 -19673.9 -19673.9 -19673.9 -19673.9 -19673.9 -19673.9 -19673.9 -19673.9 -19673.9 -19673.9 -19673.9 -19673.9 -19673.9 -19673.9 -19673.9 -19673.9 -19673.9 -19673.9 -19673.9 -19673.9 -19673.9 -19673.9 -19673.9 -19673.9 -19673.9 -19673.9 -19673.9 -19673.9 -19673.9 -19673.9 -19673.9 -19673.9 -19673.9 -19673.9 -19673.9 -19673.9 -19673.9 -19673.9 -19673.9 -19673.9 -19673.9 -19673.9 -19673.9 -19673.9 -19673.9 -19673.9 -19673.9 -19673.9 -19673.9 -19673.9 -19673.9 -19673.9 -19673.9 -19673.9 -19673.9 -19673.9 -19673.9 -19673.9 -19673.9 -19673.9 -19673.9 -19673.9 -19673.9 -19673.9 -19673.9 -19673.9 -19673.9 -19673.9 -19673.9 -19673.9 -19673.9 -19673.9 -19673.9 -19673.9 -19673.9 -19673.9 -19673.9 -19673.9 -19673.9 -19673.9 -19673.9 -19673.9 -19673.9 -19673.9 -19673.9 -19673.9 -19673.9 -19673.9 -19673.9 -19673.9 -19673.9 -19673.9 -19673.9 -19673.9 -19673.9 -19673.9 -19673.9 -19673.9 -19673.9 -19673.9 -19673.9 -19673.9 -19673.9 -19673.9 -19673.9 -19673.9 -19673.9 -19673.9 -19673.9 -19673.9 -19673.9 -19673.9 -19673.9 -19673.9 -19673.9 -19673.9 -19673.9 -19673.9 -19673.9 -19673.9 -19673.9 -19673.9 -19673.9 -19673.9 -19673.9 -19673.9 -19673.9 -19673.9 -19673.9 -19673.9 -19673.9 -19673.9 -19673.9 -19673.9 -19673.9 -19673.9 -19673.9 -19673.9 -19673.9 -19673.9 -19673.9 -19673.9 -19673.9 -19673.9 -19673.9 -19673.9 -19673.9 -19673.9 -19673.9 -19673.9 -19673.9 -19673.9 -19673.9 -19673.9 -19673.9 -19673.9 -19673.9 -19673.9 -19673.9 -19673.9 -19673.9 -19673.9 -19673.9 -19673.9 -19673.9 -19673.9 -19673.9 -19673.9 -19673.9 -19673.9 -19673.9 -19673.9 -19673.9 -19673.9 -19673.9 -19673.9 -19673.9 -19673.9 -19673.9 -19673.9 -19673.9 -19673.9 -19673.9 -19673.9 -19673.9 -19673.9 -19673.9 -19673.9 -19673.9 -19673.9 -19673.9 -19673.9 -19673.9 -19673.9 -19673.9 -19673.9 -19673.9 -19673.9 -19673.9 -19673.9 -19673.9 -19673.9 -19673.9 -19673.9 -19673.9 -19673.9 -19673.9 -19673.9 -19673.9 -19673.9 -19673.9 -19673.9 -19673.9 -19673.9 -19673.9 -19673.9 -19673.9 -19673.9 -19673.9 -19673.9 -19673.9 -19673.9 -19673.9 -19673.9 -19673.9 -19673.9 -19673.9 -19673.9 -19673.9 -19673.9 -19673.9 -19673.9 -19673.9 -19673.9 -19673.9 -19673.9 -19673.9 -19673.9 -19673.9 -19673.9 -19673.9 -19673.9 -19673.9 -19673.9 -19673.9 -19673.9 -19673.9 -19673.9 -19673.9 -19673.9 -19673.9 -19673.9 -19673.9 -19673.9 -19673.9 -19673.9 -19673.9 -19673.9 -19673.9 -19673.9 -19673.9 -19673.9 -19673.9 -19673.9 -19673.9 -19673.9 -19673.9 -19673.9 -19673.9 -19673.9 -19673.9 -19673.9 -19673.9 -19673.9 -19673.9 -19673.9 -19673.9 -19673.9 -19673.9 -19673.9 -19673.9 -19673.9 -19673.9 -19673.9 -19673.9 -19673.9 -19673.9 -19673.9 -19673.9 -19673.9 -19673.9 -19673.9 -19673.9 -19673.9 -19673.9 -19673.9 -19673.9 -19673.9 -19673.9 -19673.9 -19673.9 -19673.9 -19673.9 -19673.9 -19673.9 -19673.9 -19673.9 -19673.9 -19673.9 -19673.9 -19673.9 -19673.9 -19673.9 -19673.9 -19673.9 -19673.9 -19673.9 -19673.9 -19673.9 -19673.9 -19673.9 -19673.9 -19673.9 -19673.9 -19673.9 -19673.9 -19673.9 -19673.9 -19673.9 -19673.9 -19673.9 -19673.9 -19673.9 -19673.9 -19673.9 -19673.9 -19673.9 -19673.9 -19673.9 -19673.9 -19673.9 -19673.9 -19673.9 -19673.9 -19673.9 -19673.9 -19673.9 -19673.9 -19673.9 -19673.9 -19673.9 -19673.9 -19673.9 -19673.9 -19673.9 -19673.9 -19673.9 -19673.9 -19673.9 -19673.9 -19673.9 -19673.9 -19673.9 -19673.9 -19673.9 -19673.9 -19673.9 -19673.9 -19673.9 -19673.9 -19673.9 -19673.9 -19673.9 -19673.9 -19673.9 -19673.9 -19673.9 -19673.9 -19673.9 -19673.9 -19673.9 -19673.9 -19673.9 -19673.9 -19673.9 -19673.9 -19673.9 -19673.9 -19673.9 -19673.9 -19673.9 -19673.9 -19673.9 -19673.9 -19673.9 -19673.9 -19673.9 -19673.9 -19673.9 -19673.9 -19673.9 -19673.9 -19673.9 -19673.9 -19673.9 -19673.9 -19673.9 -19673.9 -19673.9 -19673.9 -19673.9 -19673.9 -19673.9 -19673.9 -19673.9 -19673.9 -19673.9 -19673.9 -19673.9 -19673.9 -19673.9 -19673.9 -19673.9 -19673.9 -19673.9 -19673.9 -19673.9 -19673.9 -19673.9 -19673.9 -19673.9 -19673.9 -19673.9 -19673.9 -19673.9 -19673.9 -19673.9 -19673.9 -19673.9 -19673.9 -19673.9 -19673.9 -19673.9 -19673.9 -19673.9 -19673.9 -19673.9 -19673.9 -19673.9 -19673.9 -19673.9 -19673.9 -19673.9 -19673.9 -19673.9 -19673.9 -19673.9 -19673.9 -19673.9 -19673.9 -19673.9 -19673.9 -19673.9 -19673.9 -19673.9 -19673.9 -19673.9 -19673.9 -19673.9 -19673.9 -21354.2 -26428.6 -26428.6 -26428.6 -26428.6 -26428.6 -26428.6 -26428.6 -26428.6 -26428.6 -26428.6 -26428.6 -26428.6 -26428.6 -26428.6 -26428.6 -26428.6 -26428.6 -26428.6 -26428.6 -26428.6 -26428.6 -26428.6 -26428.6 -26428.6 -26428.6 -26428.6 -26428.6 -26428.6 -26428.6 -26428.6 -26428.6 -26428.6 -26428.6 -26428.6 -26428.6 -26428.6 -26428.6 -26428.6 -26428.6 -26428.6 -26428.6 -26428.6 -26428.6 -26428.6 -26428.6 -26428.6 -26428.6 -26428.6 -26428.6 -26428.6 -26428.6 -26428.6 -26445.6 -26445.6 -26445.6 -26445.6 -26445.6 -26445.6 -26445.6 -26445.6 -26445.6 -26451.2 -26451.2 -26451.2 -26451.2 -26451.2 -26451.2 -26451.2 -26451.2 -26451.2 -26451.2 -26451.2 -26451.2 -26451.2 -26451.2 -26451.2 -26453.8 -26453.8 -26453.8 -26453.8 -26453.8 -26453.8 -26453.8 -26462.8 -26462.8 -26462.8 -26462.8 -26462.8 -26462.8 -26468.0 -26468.0 -26468.0 -26468.0 -26468.0 -26468.0 -26468.0 -26468.0 -26468.0 -26468.0 -26468.0 -26474.6 -26474.6 -26474.6 -26474.6 -26474.6 -26474.6 -26474.6 -26474.6 -26474.6 -26474.6 -26474.6 -26474.6 -26474.6 -26474.6 -26474.6 -26474.6 -26474.6 -26474.6 -26474.6 -26474.6 -26483.8 -26483.8 -26489.4 -26489.4 -26489.4 -26489.4 -26489.4 -26489.4 -26489.4 -26489.4 -26489.4 -26489.4 -26490.6 -26490.6 -26490.6 -26490.6 -26490.6 -26490.6 -26490.6 -26490.6 -26490.6 -26490.6 -26490.6 -26490.6 -26490.6 -26490.6 -26499.5 -26499.5 -26499.5 -26499.5 -26499.5 -26499.5 -26499.5 -26499.5 -26499.5 -26499.5 -26499.5 -26499.5 -26499.5 -26499.5 -26499.5 -26499.5 -26499.5 -26499.5 -26499.5 -26499.5 -26499.5 -26499.5 -26499.5 -26499.5 -26499.5 -26499.5 -26499.5 -26499.5 -26499.5 -26499.5 -26499.5 -26499.5 -26499.5 -26499.5 -26499.5 -26499.5 -26499.5 -26499.5 -26499.5 -26499.5 -26499.5 -26499.5 -26499.5 -26512.9 -26512.9 -26512.9 -26512.9 -26512.9 -26512.9 -26512.9 -26512.9 -26512.9 -26512.9 -26512.9 -26512.9 -26512.9 -26512.9 -26524.4 -26524.4 -26524.4 -26524.4 -26524.4 -26524.4 -26524.4 -26524.4 -26524.4 -26524.4 -26524.4 -26524.4 -26524.4 -26524.4 -26524.4 -26524.4 -26524.4 -26524.4 -26524.4 -26524.4 -26524.4 -26524.4 -26524.4 -26524.4 -26524.4 -26524.4 -26524.4 -26524.4 -26524.4 -26524.4 -26524.4 -26524.4 -26524.4 -26524.4 -26524.4 -26524.4 -26524.4 -26524.4 -26524.4 -26524.4 -26524.4 -26524.4 -26524.4 -26524.4 -26524.4 -26524.4 -26524.4 -26524.4 -26524.4 -26524.4 -26524.4 -26524.4 -26524.4 -26524.4 -26524.4 -26524.4 -26524.4 -26524.4 -26524.4 -26524.4 -26524.4 -26524.4 -26524.4 -26524.4 -26524.4 -26524.4 -26524.4 -26524.4 -26524.4 -26524.4 -26524.4 -26524.4 -26524.4 -26524.4 -26524.4 -26524.4 -26524.4 -26524.4 -26524.4 -26524.4 -26524.4 -26524.4 -26524.4 -26524.4 -26524.4 -26524.4 -26524.4 -26524.4 -26524.4 -26524.4 -26524.4 -26524.4 -26524.4 -26524.4 -26524.4 -26524.4 -26524.4 -26524.4 -26524.4 -26524.4 -26524.4 -26524.4 -26524.4 -26524.4 -26524.4 -26524.4 -26524.4 -26524.4 -26524.4 -26524.4 -26524.4 -26524.4 -26524.4 -26524.4 -26524.4 -26524.4 -26524.4 -26524.4 -26524.4 -26524.4 -26524.4 -26524.4 -26524.4 -26524.4 -26524.4 -26524.4 -26524.4 -26524.4 -26524.4 -26524.4 -26524.4 -26524.4 -26540.8 -26540.8 -26540.8 -26540.8 -26540.8 -26540.8 -26540.8 -26566.3 -26566.3 -26566.3 -26566.3 -26566.3 -26566.3 -26589.8 -26589.8 -26610.6 -26610.6 -26610.6 -26610.6 -26610.6 -26610.6 -26610.6 -26610.6 -26610.6 -26610.6 -26610.6 -26610.6 -26610.6 -26610.6 -26618.3 -26618.3 -26618.3 -26618.3 -26618.3 -26618.3 -26618.3 -26618.3 -26618.3 -26618.3 -26618.3 -26618.3 -26618.3 -26618.3 -26618.3 -26618.3 -26618.3 -26618.3 -26618.3 -26618.3 -26618.3 -26618.3 -26618.3 -26618.3 -26628.3 -26628.3 -26628.3 -26628.3 -26628.3 -26628.3 -26628.3 -26636.3 -26636.3 -26636.3 -26636.3 -26636.3 -26636.3 -26636.3 -26636.3 -26636.3 -26636.3 -26636.3 -26636.3 -26636.3 -26636.3 -26636.3 -26636.3 -26636.3 -26636.3 -26639.7 -26639.7 -26639.7 -26639.7 -26639.7 -26639.7 -26639.7 -26639.7 -26639.7 -26639.7 -26645.1 -26645.1 -26645.1 -26645.1 -26645.1 -26645.1 -26654.8 -26654.8 -26654.8 -26654.8 -26654.8 -26654.8 -26654.8 -26654.8 -26654.8 -26654.8 -26654.8 -26654.8 -35406.5 -42390.4 -43800.4 -43800.4 -45448.2 -45448.2 -45448.2 -45448.2 -45448.2 -45448.2 -45448.2 -46748.6 -46748.6 -50171.4 -52869.5 -52869.5 -52869.5 -52869.5 -52869.5 -52869.5 -52869.5 -52869.5 -52869.5 -52869.5 -54030.5 -54973.6 -54973.6 -54973.6 -54973.6 -54973.6 -54973.6 -54973.6 -54973.6 -54973.6 -55235.2 -55475.3 -55800.4 -55800.4 -55800.4 -55800.4 -55800.4 -55800.4 -56075.2 -56209.9 -56396.8 -56607.9 -56607.9 -56607.9 -56633.9 -57060.2 -57242.6 -57264.1 -57451.4 -57451.4 -57451.4 -57451.4 -57451.4 -57451.4 -57666.5 -57729.1 -57865.0 -57979.8 -57979.8 -58188.6 -58290.3 -58403.1 -58504.1 -58590.5 -58677.7 -58767.8 -58854.7 -58960.6 -59054.3 -59100.0 -59174.7 -59238.3 -59301.7 -59361.7 -59450.7 -59463.3 -59463.3 -59463.3 -59463.3 -59463.3 -59463.3 -59508.5 -59556.6 -59580.5 -59580.5 -59580.5 -59580.5 -59580.5 -59580.5 -59580.5 -59580.5 -59580.5 -59580.5 -59580.5 -59580.5 -59580.5 -59580.5 -59580.5 -59580.5 -59580.5 -59580.5 -59580.5 -59580.5 -59580.5 -59580.5 -59580.5 -59580.5 -59580.5 -59580.5 -59580.5 -59580.5 -59580.5 -59580.5 -59580.5 -59580.5 -59580.5 -59580.5 -59580.5 -59580.5 -59580.5 -59580.5 -59580.5 -59580.5 -59580.5 -59580.5 -59580.5 -59580.5 -59580.5 -59580.5 -59580.5 -59580.5 -59580.5 -59580.5 -59580.5 -59580.5 -59580.5 -59580.5 -59580.5 -59580.5 -59580.5 -59580.5 -59580.5 -59580.5 -59580.5 -59580.5 -59580.5 -59580.5 -59580.5 -59580.5 -59580.5 -59580.5 -59580.5 -59580.5 -59580.5 -59580.5 -59580.5 -59580.5 -59580.5 -59580.5 -59580.5 -59580.5 -59580.5 -59580.5 -59580.5 -59580.5 -59580.5 -59580.5 -59580.5 -59580.5 -59580.5 -59580.5 -59580.5 -59580.5 -59580.5 -59580.5 -59580.5 -59580.5 -59580.5 -59580.5 -59580.5 -59580.5 -59580.5 -59580.5 -59580.5 -59580.5 -59580.5 -59580.5 -59580.5 -59580.5 -59580.5 -59580.5 -59580.5 -59580.5 -59580.5 -59580.5 -59580.5 -59580.5 -59580.5 -59580.5 -59580.5 -59580.5 -59580.5 -59580.5 -59580.5 -59580.5 -59580.5 -59580.5 -59580.5 -59580.5 -59580.5 -59580.5 -59580.5 -59580.5 -59580.5 -59580.5 -59580.5 -59580.5 -59580.5 -59580.5 -59580.5 -59580.5 -59580.5 -59580.5 -59580.5 -59580.5 -59580.5 -59580.5 -59580.5 -59580.5 -59580.5 -59580.5 -59580.5 -59580.5 -59580.5 -59580.5 -59580.5 -59580.5 -59580.5 -59580.5 -59580.5 -59580.5 -59580.5 -59580.5 -59580.5 -59580.5 -59580.5 -59580.5 -59580.5 -59580.5 -59580.5 -59580.5 -59580.5 -59580.5 -59580.5 -59580.5 -59580.5 -59580.5 -59580.5 -59580.5 -59580.5 -59580.5 -59580.5 -59580.5 -59580.5 -59580.5 -59580.5 -59580.5 -59580.5 -59580.5 -59580.5 -59580.5 -59580.5 -59580.5 -59580.5 -59580.5 -59580.5 -59580.5 -59580.5 -59580.5 -59580.5 -59580.5 -59580.5 -59580.5 -59580.5 -59580.5 -59580.5 -59580.5 -59580.5 -59580.5 -59580.5 -59580.5 -59580.5 -59580.5 -59580.5 -59580.5 -59580.5 -59580.5 -59580.5 -59580.5 -59580.5 -59580.5 -59580.5 -59580.5 -59580.5 -59580.5 -59580.5 -59580.5 -59580.5 -59580.5 -59580.5 -59580.5 -59580.5 -59580.5 -59580.5 -59580.5 -59580.5 -59580.5 -59580.5 -59580.5 -59580.5 -59580.5 -59580.5 -59580.5 -59580.5 -59580.5 -59580.5 -59580.5 -59580.5 -59580.5 -59580.5 -59580.5 -59580.5 -59580.5 -59580.5 -59580.5 -59580.5 -59580.5 -59580.5 -59580.5 -59580.5 -59580.5 -59580.5 -59580.5 -59580.5 -59580.5 -59580.5 -59580.5 -59580.5 -59580.5 -59580.5 -59580.5 -59580.5 -59580.5 -59580.5 -59580.5 -59580.5 -59580.5 -59580.5 -59580.5 -59580.5 -59580.5 -59580.5 -59580.5 -59580.5 -59580.5 -59580.5 -59580.5 -59580.5 -59580.5 -59580.5 -59580.5 -59580.5 -59580.5 -59580.5 -59580.5 -59580.5 -59580.5 -59580.5 -59580.5 -59580.5 -59580.5 -59580.5 -59580.5 -59580.5 -59580.5 -59580.5 -59580.5 -59580.5 -59580.5 -59580.5 -59580.5 -59580.5 -59580.5 -59580.5 -59580.5 -59580.5 -59580.5 -59580.5 -59580.5 -59580.5 -59580.5 -59580.5 -59580.5 -59580.5 -59580.5 -59580.5 -59580.5 -59580.5 -59580.5 -59580.5 -59580.5 -59580.5 -59580.5 -59580.5 -59580.5 -59580.5 -59580.5 -59580.5 -59580.5 -59580.5 -59580.5 -59580.5 -59580.5 -59580.5 -59580.5 -59580.5 -59580.5 -59580.5 -59580.5 -59580.5 -59580.5 -59580.5 -59580.5 -59580.5 -59580.5 -59580.5 -59580.5 -59580.5 -59580.5 -59580.5 -59580.5 -59580.5 -59580.5 -59580.5 -59580.5 -59580.5 -59580.5 -59580.5 -59580.5 -59580.5 -59580.5 -59580.5 -59580.5 -59580.5 -59580.5 -59580.5 -59580.5 -59580.5 -59580.5 -59580.5 -59580.5 -59580.5 -59580.5 -59580.5 -59580.5 -59580.5 -59580.5 -59580.5 -59580.5 -59580.5 -59580.5 -59580.5 -59580.5 -59580.5 -59580.5 -59580.5 -59580.5 -59580.5 -59580.5 -59580.5 -59580.5 -59580.5 -59580.5 -59580.5 -59580.5 -59580.5 -59580.5 -59580.5 -59580.5 -59580.5 -59580.5 -59580.5 -59580.5 -59580.5 -59580.5 -59580.5 -59580.5 -59580.5 -59580.5 -59580.5 -59580.5 -59580.5 -59580.5 -59580.5 -59580.5 -59580.5 -59580.5 -59580.5 -59580.5 -59580.5 -59580.5 -59580.5 -59580.5 -59580.5 -59580.5 -59580.5 -59580.5 -59580.5 -59580.5 -59580.5 -59580.5 -59580.5 -59580.5 -59580.5 -59580.5 -59580.5 -59580.5 -59580.5 -59580.5 -59580.5 -59580.5 -59580.5 -59580.5 -59580.5 -59580.5 -59580.5 -59580.5 -59580.5 -59580.5 -59580.5 -59580.5 -59580.5 -59580.5 -59580.5 -59580.5 -59580.5 -59580.5 -59580.5 -59580.5 -59580.5 -59580.5 -59580.5 -59580.5 -59580.5 -59580.5 -59580.5 -59580.5 -59580.5 -59580.5 -59580.5 -59580.5 -59580.5 -59580.5 -59580.5 -59580.5 -59580.5 -59580.5 -59580.5 -59580.5 -59580.5 -59580.5 -59580.5 -59580.5 -59580.5 -59580.5 -59580.5 -59580.5 -59580.5 -59580.5 -59580.5 -59580.5 -59580.5 -59580.5 -59580.5 -59580.5 -59580.5 -59580.5 -59580.5 -59580.5 -59580.5 -59580.5 -59580.5 -59580.5 -59580.5 -59580.5 -59580.5 -59580.5 -59580.5 -59580.5 -59580.5 -59580.5 -59580.5 -59580.5 -59580.5 -59580.5 -59580.5 -59580.5 -59580.5 -59580.5 -59580.5 -59580.5 -59580.5 -59580.5 -59580.5 -59580.5 -59580.5 -59580.5 -59580.5 -59580.5 -59580.5 -59580.5 -59580.5 -59580.5 -59580.5 -59580.5 -59580.5 -59580.5 -59580.5 -59580.5 -59580.5 -59580.5 -59580.5 -59580.5 -59580.5 -59580.5 -59580.5 -59580.5 -59580.5 -59580.5 -59580.5 -59580.5 -59580.5 -59580.5 -59580.5 -59580.5 -59580.5 -59580.5 -59580.5 -59580.5 -59580.5 -59580.5 -59580.5 -59580.5 -59580.5 -59580.5 -59580.5 -59580.5 -59580.5 -59580.5 -59580.5 -59580.5 -59580.5 -59580.5 -59580.5 -59580.5 -59580.5 -59580.5 -59580.5 -59580.5 -59580.5 -59580.5 -59580.5 -59580.5 -59580.5 -59580.5 -59580.5 -59580.5 -59580.5 -59580.5 -59580.5 -59580.5 -59580.5 -59580.5 -59580.5 -59580.5 -59580.5 -59580.5 -59580.5 -59580.5 -59580.5 -59580.5 -59580.5 -59580.5 -59580.5 -59580.5 -59580.5 -59580.5 -59580.5 -59580.5 -59580.5 -59580.5 -59580.5 -59580.5 -59580.5 -59580.5 -59580.5 -59580.5 -59580.5 -59580.5 -59580.5 -59580.5 -59580.5 -59580.5 -59580.5 -59580.5 -59580.5 -59580.5 -59580.5 -59580.5 -59580.5 -59580.5 -59580.5 -59580.5 -59580.5 -59580.5 -59580.5 -59580.5 -59580.5 -59580.5 -59580.5 -59580.5 -59580.5 -59580.5 -59580.5 -59580.5 -59580.5 -59580.5 -59580.5 -59580.5 -59580.5 -59580.5 -59580.5 -59580.5 -59580.5 -59580.5 -59580.5 -59580.5 -59580.5 -59580.5 -59580.5 -59580.5 -59580.5 -59580.5 -59580.5 -59580.5 -59580.5 -59580.5 -59580.5 -59580.5 -59580.5 -59580.5 -59580.5 -59580.5 -59580.5 -59580.5 -59580.5 -59580.5 -59580.5 -59580.5 -59580.5 -59580.5 -59580.5 -59580.5 -59580.5 -59580.5 -59580.5 -59580.5 -59580.5 -59580.5 -59580.5 -59580.5 -59580.5 -59580.5 -59580.5 -59580.5 -59580.5 -59580.5 -59580.5 -59580.5 -59580.5 -59580.5 -59580.5 -59580.5 -59580.5 -59580.5 -59580.5 -59580.5 -59580.5 -59580.5 -59580.5 -59580.5 -59580.5 -59580.5 -59580.5 -59580.5 -59580.5 -59580.5 -59580.5 -59580.5 -59580.5 -59580.5 -59580.5 -59580.5 -59580.5 -59580.5 -59580.5 -59580.5 -59580.5 -59580.5 -59580.5 -59580.5 -59580.5 -59580.5 -59580.5 -59580.5 -59580.5 -59580.5 -59580.5 -59580.5 -59580.5 -59580.5 -59580.5 -59580.5 -59580.5 -59580.5 -59580.5 -59580.5 -59580.5 -59580.5 -59580.5 -59580.5 -59580.5 -59580.5 -59580.5 -59580.5 -59580.5 -59580.5 -59580.5 -59580.5 -59580.5 -59580.5 -59580.5 -59580.5 -59580.5 -59580.5 -59580.5 -59580.5 -59580.5 -59580.5 -59580.5 -59580.5 -59580.5 -59580.5 -59580.5 -59580.5 -59580.5 -59580.5 -59580.5 -59580.5 -59580.5 -59580.5 -59580.5 -59580.5 -59580.5 -59580.5 -59580.5 -59580.5 -59580.5 -59580.5 -59580.5 -59580.5 -59580.5 -59580.5 -59580.5 -59580.5 -59580.5 -59580.5 -59580.5 -59580.5 -59580.5 -59580.5 -59580.5 -59580.5 -59580.5 -59580.5 -59580.5 -59580.5 -59580.5 -59580.5 -59580.5 -59580.5 -59580.5 -59580.5 -59580.5 -59580.5 -59580.5 -59580.5 -59580.5 -59580.5 -59580.5 -59580.5 -59580.5 -59580.5 -59580.5 -59580.5 -59580.5 -59580.5 -59580.5 -59580.5 -59580.5 -59580.5 -59580.5 -59580.5 -59580.5 -59580.5 -59580.5 -59580.5 -59580.5 -59580.5 -59580.5 -59580.5 -59580.5 -59580.5 -59580.5 -59580.5 -59580.5 -59580.5 -59580.5 -59580.5 -59580.5 -59580.5 -59580.5 -59580.5 -59580.5 -59580.5 -59580.5 -59580.5 -59580.5 -59580.5 -59580.5 -59580.5 -59580.5 -59580.5 -59580.5 -59580.5 -59580.5 -59580.5 -59580.5 -59580.5 -59580.5 -59580.5 -59580.5 -59580.5 -59583.6 -59583.6 -59583.6 -59583.6 -59583.6 -59583.6 -59583.6 -59583.6 -59583.6 -59583.6 -59583.6 -59583.6 -59583.6 -59583.6 -59583.6 -59583.6 -59583.6 -59583.6 -59583.6 -59583.6 -59583.6 -59583.6 -59583.6 -59583.6 -59583.6 -59583.6 -59583.6 -59583.6 -59583.6 -59583.6 -59583.6 -59583.6 -59583.6 -59583.6 -59583.6 -59583.6 -59583.6 -59583.6 -59583.6 -59583.6 -59583.6 -59583.6 -59583.6 -59583.6 -59583.6 -59583.6 -59583.6 -59583.6 -59583.6 -59583.6 -59583.6 -59583.6 -59583.6

